Trial:	/storage/6106-A415/SensorData/Up_Pocket_U15_accelerometer_t61.txt
Phone/Tablet Model:	HUAWEI FLA-LX2

Sensor Information
Name:	STMicroelectronics accelerometer-lis3dh
Maximum Range:	78.4532m/s²
Resolution:	0.009576807m/s²

Generated by SensorData, Version1.8.0.0
Author: Vipul Lugade
Email: SensorDataHelp@gmail.com
Website: www.matlabgeeks.com

Time	X	Y	Z
1607707762666	-5.056553840637207	-7.412448406219482	2.8347349166870117
1607707762686	-5.171475887298584	-7.489062786102295	2.873042106628418
1607707762706	-5.2480902671813965	-7.412448406219482	2.7964274883270264
1607707762726	-5.20978307723999	-7.412448406219482	2.719813108444214
1607707762745	-5.094861030578613	-7.527369976043701	2.604891538619995
1607707762765	-5.171475887298584	-7.412448406219482	2.8347349166870117
1607707762785	-5.1331682205200195	-7.374141216278076	2.7964274883270264
1607707762805	-5.20978307723999	-7.374141216278076	2.9496564865112305
1607707762825	-5.171475887298584	-7.374141216278076	2.9496564865112305
1607707762845	-5.286397457122803	-7.450755596160889	2.9496564865112305
1607707762865	-5.20978307723999	-7.450755596160889	2.8347349166870117
1607707762885	-5.20978307723999	-7.489062786102295	2.7964274883270264
1607707762905	-5.2480902671813965	-7.565677165985107	2.9496564865112305
1607707762925	-5.324704647064209	-7.450755596160889	2.8347349166870117
1607707762945	-5.324704647064209	-7.220912456512451	2.9496564865112305
1607707762965	-5.4013190269470215	-7.297526836395264	2.9496564865112305
1607707762985	-5.363011837005615	-7.259219646453857	2.9496564865112305
1607707763005	-5.20978307723999	-7.374141216278076	3.026270866394043
1607707763025	-5.286397457122803	-7.489062786102295	3.026270866394043
1607707763045	-5.324704647064209	-7.565677165985107	2.911349296569824
1607707763066	-5.477933406829834	-7.642292022705078	2.873042106628418
1607707763086	-5.2480902671813965	-7.489062786102295	2.75812029838562
1607707763106	-5.286397457122803	-7.297526836395264	2.8347349166870117
1607707763126	-5.286397457122803	-7.182605266571045	3.1028854846954346
1607707763145	-5.286397457122803	-7.182605266571045	3.141192674636841
1607707763166	-5.2480902671813965	-7.297526836395264	2.873042106628418
1607707763185	-5.20978307723999	-7.297526836395264	2.873042106628418
1607707763205	-5.286397457122803	-7.297526836395264	2.6815059185028076
1607707763226	-5.4013190269470215	-7.527369976043701	2.5282769203186035
1607707763245	-5.5545477867126465	-7.297526836395264	2.719813108444214
1607707763266	-5.592854976654053	-7.412448406219482	2.911349296569824
1607707763286	-5.631162166595459	-7.105990409851074	2.5282769203186035
1607707763305	-5.631162166595459	-7.029376029968262	2.9879636764526367
1607707763326	-5.631162166595459	-7.450755596160889	2.75812029838562
1607707763346	-5.477933406829834	-7.527369976043701	2.8347349166870117
1607707763365	-5.2480902671813965	-7.144298076629639	2.298433542251587
1607707763385	-5.899312973022461	-6.45476770401001	2.3367409706115723
1607707763405	-5.669469833374023	-6.301538944244385	2.9879636764526367
1607707763426	-5.171475887298584	-6.876147270202637	3.5242648124694824
1607707763446	-5.20978307723999	-7.259219646453857	3.2178070545196533
1607707763466	-5.363011837005615	-7.642292022705078	2.4899697303771973
1607707763486	-5.363011837005615	-8.14028549194336	2.3750481605529785
1607707763506	-4.9799394607543945	-8.523358345031738	2.3367409706115723
1607707763526	-4.788403511047363	-8.178592681884766	2.2601263523101807
1607707763545	-4.63517427444458	-7.489062786102295	2.2218191623687744
1607707763566	-4.903325080871582	-7.029376029968262	2.2601263523101807
1607707763586	-5.171475887298584	-6.6846113204956055	2.719813108444214
1607707763606	-5.171475887298584	-6.761225700378418	2.6815059185028076
1607707763626	-5.20978307723999	-7.259219646453857	3.5625722408294678
1607707763646	-5.439626216888428	-7.757213592529297	3.485957622528076
1607707763666	-5.669469833374023	-7.833827972412109	2.911349296569824
1607707763686	-5.5545477867126465	-8.216899871826172	2.9496564865112305
1607707763705	-5.5545477867126465	-7.450755596160889	2.719813108444214
1607707763725	-5.861005783081055	-7.297526836395264	2.873042106628418
1607707763746	-5.975927352905273	-7.259219646453857	2.75812029838562
1607707763766	-5.899312973022461	-7.182605266571045	2.6431987285614014
1607707763785	-5.822698593139648	-7.182605266571045	3.026270866394043
1607707763805	-5.5545477867126465	-6.9910688400268555	3.026270866394043
1607707763826	-5.5545477867126465	-7.144298076629639	3.2561142444610596
1607707763846	-5.746084213256836	-7.144298076629639	3.4093432426452637
1607707763865	-5.51624059677124	-7.144298076629639	3.485957622528076
1607707763886	-5.669469833374023	-7.527369976043701	3.3710360527038574
1607707763906	-5.51624059677124	-7.374141216278076	2.9879636764526367
1607707763926	-5.324704647064209	-7.144298076629639	3.1028854846954346
1607707763946	-5.286397457122803	-7.220912456512451	3.2178070545196533
1607707763965	-5.2480902671813965	-7.220912456512451	3.141192674636841
1607707763986	-5.1331682205200195	-7.144298076629639	3.2561142444610596
1607707764005	-4.941632270812988	-7.220912456512451	3.4093432426452637
1607707764025	-5.018246650695801	-7.259219646453857	3.294421434402466
1607707764046	-5.171475887298584	-7.297526836395264	3.179499864578247
1607707764066	-5.171475887298584	-7.144298076629639	3.1028854846954346
1607707764086	-5.094861030578613	-6.952761650085449	3.2561142444610596
1607707764107	-4.941632270812988	-7.067683219909668	3.179499864578247
1607707764126	-4.788403511047363	-6.914454460144043	3.141192674636841
1607707764146	-4.6734819412231445	-6.5696892738342285	3.1028854846954346
1607707764166	-4.750096321105957	-6.531382083892822	2.9879636764526367
1607707764186	-4.711789131164551	-6.493074893951416	2.9879636764526367
1607707764207	-4.443638324737549	-6.301538944244385	2.8347349166870117
1607707764226	-4.63517427444458	-5.880159378051758	2.873042106628418
1607707764246	-4.596867084503174	-7.144298076629639	2.873042106628418
1607707764266	-4.63517427444458	-8.255207061767578	2.911349296569824
1607707764286	-4.481945514678955	-8.02536392211914	2.9879636764526367
1607707764306	-4.481945514678955	-7.718906402587891	2.873042106628418
1607707764326	-4.367023944854736	-7.067683219909668	2.6815059185028076
1607707764346	-4.290409564971924	-6.722918510437012	2.183511972427368
1607707764366	-4.060565948486328	-7.757213592529297	2.8347349166870117
1607707764386	-4.175487995147705	-8.561665534973145	2.911349296569824
1607707764406	-4.520252704620361	-7.182605266571045	3.141192674636841
1607707764426	-4.443638324737549	-6.952761650085449	2.3367409706115723
1607707764446	-3.8307228088378906	-6.952761650085449	0.8044517636299133
1607707764466	-4.367023944854736	-8.561665534973145	0.689530074596405
1607707764488	-4.481945514678955	-9.251194953918457	0.3447650372982025
1607707764506	-4.022258758544922	-9.289502143859863	0.15322890877723694
1607707764526	-3.9839515686035156	-9.481039047241211	0.1149216815829277
1607707764545	-3.6774938106536865	-9.634267807006836	0.38307225704193115
1607707764565	-3.5625722408294678	-9.404424667358398	-0.3447650372982025
1607707764585	-3.5242648124694824	-9.02135181427002	-0.6129156351089478
1607707764605	-3.5242648124694824	-8.868123054504395	-1.723825216293335
1607707764626	-3.8307228088378906	-9.327810287475586	-2.3367409706115723
1607707764645	-4.32871675491333	-10.132261276245117	-2.4899697303771973
1607707764665	-4.098873138427734	-9.864110946655273	-0.8810662031173706
1607707764685	-3.141192674636841	-9.59596061706543	-0.15322890877723694
1607707764705	-2.451662540435791	-8.944737434387207	-0.49799394607543945
1607707764725	-2.298433542251587	-8.446743965148926	-0.9576807022094727
1607707764745	-2.5665841102600098	-8.101978302001953	-1.6089035272598267
1607707764765	-2.8347349166870117	-8.178592681884766	-2.604891538619995
1607707764785	-3.1028854846954346	-8.370129585266113	-2.451662540435791
1607707764805	-2.9879636764526367	-8.829815864562988	-1.4173674583435059
1607707764826	-2.6815059185028076	-8.868123054504395	-1.2258312702178955
1607707764845	-2.7964274883270264	-8.523358345031738	-1.8387469053268433
1607707764865	-3.1028854846954346	-9.366117477416992	-2.298433542251587
1607707764885	-3.1028854846954346	-10.438719749450684	-1.8770540952682495
1607707764906	-3.064578056335449	-10.630255699157715	-1.9536685943603516
1607707764925	-2.873042106628418	-9.940725326538086	-2.030282974243164
1607707764945	-2.719813108444214	-9.481039047241211	-1.723825216293335
1607707764966	-2.719813108444214	-9.251194953918457	-1.6089035272598267
1607707764986	-2.8347349166870117	-8.983044624328613	-1.5322890281677246
1607707765006	-2.8347349166870117	-9.059659004211426	-0.8044517636299133
1607707765026	-2.6815059185028076	-9.136273384094238	-0.49799394607543945
1607707765046	-2.4899697303771973	-9.289502143859863	-0.6129156351089478
1607707765066	-2.5665841102600098	-9.097966194152832	-0.9576807022094727
1607707765086	-2.6815059185028076	-8.753201484680176	-1.2258312702178955
1607707765106	-2.719813108444214	-8.944737434387207	-1.800439715385437
1607707765128	-2.5665841102600098	-9.059659004211426	-1.647210717201233
1607707765145	-2.5282769203186035	-9.097966194152832	-1.4939818382263184
1607707765166	-2.604891538619995	-9.21288776397705	-1.1875240802764893
1607707765186	-2.5282769203186035	-9.174580574035645	-0.9959878921508789
1607707765206	-2.8347349166870117	-8.791508674621582	-1.1109095811843872
1607707765226	-3.179499864578247	-8.370129585266113	-1.2258312702178955
1607707765246	-3.9456443786621094	-8.561665534973145	-1.37906014919281
1607707765265	-4.443638324737549	-9.21288776397705	-1.4173674583435059
1607707765285	-4.32871675491333	-9.519346237182617	-1.3407529592514038
1607707765305	-3.4093432426452637	-9.864110946655273	-0.5746083855628967
1607707765328	-3.2178070545196533	-10.093954086303711	0.4596867263317108
1607707765346	-3.9456443786621094	-10.093954086303711	1.4939818382263184
1607707765365	-4.367023944854736	-10.017339706420898	1.723825216293335
1607707765385	-3.869029998779297	-10.515334129333496	0.9193734526634216
1607707765405	-3.6774938106536865	-11.511322021484375	0.49799394607543945
1607707765425	-2.75812029838562	-12.583924293518066	2.0685901641845703
1607707765445	-2.030282974243164	-11.319786071777344	-0.15322890877723694
1607707765465	-2.1068975925445557	-10.170568466186523	-3.3710360527038574
1607707765485	-1.9536685943603516	-9.864110946655273	-0.8427590131759644
1607707765505	-1.723825216293335	-9.059659004211426	-0.19153612852096558
1607707765525	-1.647210717201233	-8.446743965148926	-0.6129156351089478
1607707765545	-1.37906014919281	-8.063671112060547	-0.6129156351089478
1607707765565	-1.2258312702178955	-7.948749542236328	-0.38307225704193115
1607707765586	-1.1875240802764893	-7.987056732177734	0.1149216815829277
1607707765605	-1.1492167711257935	-8.02536392211914	0.4596867263317108
1607707765626	-1.5705963373184204	-7.795520782470703	0.3447650372982025
1607707765646	-2.2601263523101807	-7.718906402587891	0.6512228846549988
1607707765666	-2.4899697303771973	-7.987056732177734	1.37906014919281
1607707765686	-2.1068975925445557	-8.063671112060547	1.5705963373184204
1607707765706	-2.145204782485962	-8.02536392211914	1.4173674583435059
1607707765725	-2.6815059185028076	-8.14028549194336	1.5705963373184204
1607707765746	-3.064578056335449	-7.872135162353516	1.1492167711257935
1607707765766	-3.7158010005950928	-7.718906402587891	0.9193734526634216
1607707765786	-4.175487995147705	-7.680599212646484	1.3407529592514038
1607707765805	-4.252102375030518	-7.948749542236328	1.6855180263519287
1607707765826	-4.098873138427734	-8.02536392211914	1.455674648284912
1607707765845	-4.252102375030518	-8.02536392211914	1.4173674583435059
1607707765865	-4.711789131164551	-8.33182144165039	1.5322890281677246
1607707765886	-5.439626216888428	-8.40843677520752	1.4173674583435059
1607707765906	-5.4013190269470215	-8.063671112060547	1.1875240802764893
1607707765926	-4.941632270812988	-7.795520782470703	1.1875240802764893
1607707765945	-4.481945514678955	-7.872135162353516	1.2258312702178955
1607707765965	-3.8307228088378906	-7.757213592529297	1.3024457693099976
1607707765986	-3.064578056335449	-7.757213592529297	1.1875240802764893
1607707766005	-3.064578056335449	-7.489062786102295	1.37906014919281
1607707766026	-2.873042106628418	-8.216899871826172	0.15322890877723694
1607707766046	-3.064578056335449	-10.400412559509277	-1.6089035272598267
1607707766065	-4.213795185089111	-12.928689002990723	-1.9536685943603516
1607707766085	-7.508216381072998	-13.656526565551758	-0.5363011956214905
1607707766105	-4.941632270812988	-10.247182846069336	-0.38307225704193115
1607707766125	-1.1492167711257935	-7.680599212646484	0.1149216815829277
1607707766145	2.7964274883270264	-6.8378400802612305	0.9576807022094727
1607707766166	3.4093432426452637	-6.493074893951416	0.4596867263317108
1607707766186	0.9959878921508789	-6.914454460144043	-1.1492167711257935
1607707766206	-1.4173674583435059	-8.638279914855957	-2.4133553504943848
1607707766226	-4.137180328369141	-11.549629211425781	-3.907337188720703
1607707766246	-6.550535678863525	-12.430695533752441	-3.9839515686035156
1607707766266	-6.856993675231934	-11.856086730957031	-2.6815059185028076
1607707766286	-4.405331134796143	-9.825803756713867	0.9193734526634216
1607707766306	-2.1068975925445557	-8.944737434387207	2.145204782485962
1607707766326	-0.9193734526634216	-7.910442352294922	-1.3407529592514038
1607707766346	-0.9959878921508789	-8.02536392211914	-4.098873138427734
1607707766366	-0.3447650372982025	-9.059659004211426	-4.443638324737549
1607707766386	-0.26815059781074524	-9.710882186889648	-2.5282769203186035
1607707766405	-1.800439715385437	-9.979032516479492	-1.4939818382263184
1607707766426	-3.9839515686035156	-9.481039047241211	-1.6089035272598267
1607707766445	-5.094861030578613	-9.02135181427002	-1.647210717201233
1607707766465	-4.558559894561768	-8.753201484680176	-1.1109095811843872
1607707766485	-3.2178070545196533	-8.944737434387207	-1.3407529592514038
1607707766506	-2.4133553504943848	-8.523358345031738	-2.145204782485962
1607707766526	-2.451662540435791	-7.757213592529297	-3.064578056335449
1607707766546	-0.9959878921508789	-8.983044624328613	-2.5665841102600098
1607707766566	-1.1109095811843872	-9.825803756713867	0.15322890877723694
1607707766586	-3.332728862762451	-9.136273384094238	0.038307227194309235
1607707766606	-4.060565948486328	-8.791508674621582	-0.689530074596405
1607707766625	-4.32871675491333	-8.561665534973145	-2.0685901641845703
1607707766645	-3.294421434402466	-8.561665534973145	-1.2258312702178955
1607707766667	-2.5282769203186035	-8.446743965148926	-0.38307225704193115
1607707766685	-2.873042106628418	-8.9064302444458	-0.7661445140838623
1607707766706	-3.2561142444610596	-8.868123054504395	-1.0342950820922852
1607707766725	-3.2561142444610596	-8.676587104797363	-1.7621324062347412
1607707766745	-2.9496564865112305	-8.9064302444458	-2.4899697303771973
1607707766766	-3.141192674636841	-9.442731857299805	-2.8347349166870117
1607707766786	-3.754108190536499	-10.017339706420898	-2.298433542251587
1607707766806	-4.213795185089111	-10.323798179626465	-1.4939818382263184
1607707766825	-4.443638324737549	-10.78348445892334	-1.3407529592514038
1607707766845	-4.711789131164551	-11.549629211425781	-1.37906014919281
1607707766866	-4.32871675491333	-11.396400451660156	-1.6089035272598267
1607707766886	-3.5242648124694824	-11.319786071777344	-0.8810662031173706
1607707766906	-2.873042106628418	-11.702857971191406	0.15322890877723694
1607707766925	-2.5665841102600098	-11.511322021484375	0.49799394607543945
1607707766945	-2.1068975925445557	-10.630255699157715	0.9959878921508789
1607707766965	-2.4899697303771973	-10.362105369567871	1.6855180263519287
1607707766986	-3.294421434402466	-10.975020408630371	2.4899697303771973
1607707767006	-4.213795185089111	-10.400412559509277	0.9959878921508789
1607707767025	-4.941632270812988	-9.90241813659668	-1.1875240802764893
1607707767045	-4.481945514678955	-9.710882186889648	-0.8427590131759644
1607707767066	-3.9839515686035156	-9.519346237182617	-1.0342950820922852
1607707767086	-3.6391866207122803	-9.366117477416992	-0.8427590131759644
1607707767106	-3.294421434402466	-9.404424667358398	0.1149216815829277
1607707767125	-3.064578056335449	-9.519346237182617	1.1492167711257935
1607707767146	-3.2561142444610596	-9.557653427124023	1.723825216293335
1607707767171	-3.6774938106536865	-9.21288776397705	0.9576807022094727
1607707767186	-3.600879430770874	-8.101978302001953	0.38307225704193115
1607707767206	-3.6774938106536865	-7.565677165985107	0.5363011956214905
1607707767225	-3.7924153804779053	-7.220912456512451	0.8427590131759644
1607707767245	-3.5242648124694824	-7.105990409851074	1.3407529592514038
1607707767266	-3.44765043258667	-6.952761650085449	1.3407529592514038
1607707767286	-3.2561142444610596	-6.8378400802612305	1.5322890281677246
1607707767306	-3.064578056335449	-6.952761650085449	1.8770540952682495
1607707767325	-2.3367409706115723	-6.799532890319824	2.183511972427368
1607707767345	-2.0685901641845703	-6.531382083892822	2.451662540435791
1607707767366	-2.030282974243164	-6.071695327758789	2.719813108444214
1607707767386	-2.3367409706115723	-5.841852188110352	2.9879636764526367
1607707767406	-2.719813108444214	-5.458779811859131	3.3710360527038574
1607707767426	-3.179499864578247	-5.343858242034912	3.294421434402466
1607707767446	-3.6774938106536865	-5.382165431976318	2.75812029838562
1607707767466	-4.213795185089111	-5.305551052093506	1.9536685943603516
1607707767487	-4.865017890930176	-5.152322292327881	1.4939818382263184
1607707767506	-4.8267107009887695	-4.654327869415283	1.4939818382263184
1607707767526	-4.137180328369141	-4.1180267333984375	1.4173674583435059
1607707767545	-3.2561142444610596	-3.773261785507202	0.9193734526634216
1607707767565	-3.4093432426452637	-3.313575267791748	1.072602391242981
1607707767586	-5.1331682205200195	-3.3901896476745605	3.332728862762451
1607707767605	-14.211980819702148	-6.914454460144043	11.338939666748047
1607707767625	-9.768342971801758	-18.4066219329834	4.711789131164551
1607707767645	-5.018246650695801	-10.170568466186523	1.5322890281677246
1607707767665	-2.8347349166870117	-7.565677165985107	4.8267107009887695
1607707767686	-3.600879430770874	-7.33583402633667	1.647210717201233
1607707767706	-5.631162166595459	-7.33583402633667	-0.2298433631658554
1607707767725	-6.550535678863525	-8.485051155090332	0.727837324142456
1607707767745	-5.669469833374023	-9.787496566772461	1.6089035272598267
1607707767766	-4.060565948486328	-9.481039047241211	1.37906014919281
1607707767789	-3.064578056335449	-9.136273384094238	0.4596867263317108
1607707767805	-3.1028854846954346	-9.442731857299805	0.5746083855628967
1607707767825	-3.1028854846954346	-9.251194953918457	0.9576807022094727
1607707767845	-3.141192674636841	-8.753201484680176	0.8044517636299133
1607707767865	-2.9496564865112305	-8.561665534973145	0.5363011956214905
1607707767885	-3.141192674636841	-8.59997272491455	0.5746083855628967
1607707767908	-3.600879430770874	-8.59997272491455	0.4213795065879822
1607707767926	-3.5625722408294678	-8.59997272491455	0.19153612852096558
1607707767945	-3.6774938106536865	-8.370129585266113	-0.19153612852096558
1607707767966	-3.7158010005950928	-8.33182144165039	-0.4596867263317108
1607707767986	-3.869029998779297	-8.561665534973145	-1.1875240802764893
1607707768005	-4.137180328369141	-8.523358345031738	-1.1875240802764893
1607707768026	-3.9839515686035156	-8.753201484680176	-0.9193734526634216
1607707768046	-4.060565948486328	-8.791508674621582	-0.3447650372982025
1607707768070	-4.022258758544922	-8.676587104797363	0.19153612852096558
1607707768085	-4.022258758544922	-8.753201484680176	0.15322890877723694
1607707768106	-4.213795185089111	-8.485051155090332	-0.6129156351089478
1607707768125	-3.8307228088378906	-8.370129585266113	-1.2258312702178955
1607707768145	-3.332728862762451	-8.370129585266113	-1.072602391242981
1607707768165	-3.7924153804779053	-8.178592681884766	-0.9193734526634216
1607707768186	-4.405331134796143	-8.101978302001953	-1.3024457693099976
1607707768206	-4.443638324737549	-8.101978302001953	-2.298433542251587
1607707768226	-3.754108190536499	-8.446743965148926	-2.145204782485962
1607707768246	-3.2178070545196533	-8.638279914855957	-1.5322890281677246
1607707768266	-2.8347349166870117	-9.136273384094238	-0.3447650372982025
1607707768286	-2.719813108444214	-9.366117477416992	-0.3064578175544739
1607707768306	-2.7964274883270264	-8.944737434387207	-0.3064578175544739
1607707768325	-3.4093432426452637	-8.523358345031738	-1.2258312702178955
1607707768346	-3.485957622528076	-8.485051155090332	-1.800439715385437
1607707768365	-2.8347349166870117	-8.638279914855957	-1.723825216293335
1607707768386	-2.3750481605529785	-8.791508674621582	-1.647210717201233
1607707768406	-2.298433542251587	-8.791508674621582	-1.9919757843017578
1607707768426	-2.9879636764526367	-9.02135181427002	-2.4133553504943848
1607707768446	-4.022258758544922	-9.327810287475586	-2.5282769203186035
1607707768466	-5.056553840637207	-9.634267807006836	-2.183511972427368
1607707768486	-5.286397457122803	-9.174580574035645	-0.9959878921508789
1607707768506	-4.903325080871582	-8.868123054504395	-0.8810662031173706
1607707768526	-3.9839515686035156	-9.327810287475586	-1.8387469053268433
1607707768546	-3.179499864578247	-10.170568466186523	-3.6774938106536865
1607707768566	-1.6855180263519287	-11.128249168395996	-3.294421434402466
1607707768586	-1.4173674583435059	-11.779472351074219	-2.2218191623687744
1607707768606	-2.604891538619995	-12.469002723693848	-0.38307225704193115
1607707768625	-3.5242648124694824	-12.085929870605469	0.4596867263317108
1607707768646	-3.869029998779297	-11.281478881835938	0.9576807022094727
1607707768666	-3.44765043258667	-10.515334129333496	1.0342950820922852
1607707768685	-2.5665841102600098	-10.247182846069336	1.0342950820922852
1607707768705	-2.4899697303771973	-10.400412559509277	0.9193734526634216
1607707768726	-3.6774938106536865	-10.132261276245117	1.37906014919281
1607707768747	-4.711789131164551	-9.710882186889648	1.4173674583435059
1607707768766	-5.171475887298584	-9.404424667358398	-0.8044517636299133
1607707768786	-5.20978307723999	-9.519346237182617	-1.6089035272598267
1607707768805	-4.558559894561768	-10.132261276245117	-0.49799394607543945
1607707768825	-3.1028854846954346	-10.055646896362305	1.9153614044189453
1607707768846	-1.6855180263519287	-9.442731857299805	2.298433542251587
1607707768865	-0.9959878921508789	-8.868123054504395	2.145204782485962
1607707768885	-1.9919757843017578	-8.676587104797363	1.3407529592514038
1607707768905	-2.9879636764526367	-8.561665534973145	0.8810662031173706
1607707768927	-4.367023944854736	-8.40843677520752	0.6512228846549988
1607707768946	-3.44765043258667	-8.14028549194336	0.6512228846549988
1607707768965	-2.75812029838562	-7.33583402633667	1.4173674583435059
1607707768985	-2.1068975925445557	-6.646304130554199	1.723825216293335
1607707769005	-2.2601263523101807	-6.224924564361572	1.8387469053268433
1607707769025	-2.451662540435791	-6.186617374420166	1.8387469053268433
1607707769046	-2.873042106628418	-5.995080947875977	1.723825216293335
1607707769066	-3.3710360527038574	-5.65031623840332	2.183511972427368
1607707769085	-3.7924153804779053	-5.382165431976318	2.6815059185028076
1607707769106	-4.252102375030518	-5.228936672210693	3.1028854846954346
1607707769126	-4.367023944854736	-4.922478675842285	3.179499864578247
1607707769146	-4.405331134796143	-4.692635536193848	2.9496564865112305
1607707769166	-4.558559894561768	-4.462791919708252	2.451662540435791
1607707769187	-4.941632270812988	-4.692635536193848	2.1068975925445557
1607707769205	-5.171475887298584	-4.845864295959473	1.647210717201233
1607707769226	-5.018246650695801	-4.692635536193848	1.5705963373184204
1607707769245	-4.6734819412231445	-4.616020679473877	1.6855180263519287
1607707769266	-3.9456443786621094	-4.462791919708252	1.5705963373184204
1607707769286	-4.32871675491333	-4.156333923339844	3.600879430770874
1607707769305	-10.802638053894043	-5.918466567993164	8.695740699768066
1607707769326	-7.1251444816589355	-14.231135368347168	7.469909191131592
1607707769345	-3.4093432426452637	-11.702857971191406	2.75812029838562
1607707769365	-2.9879636764526367	-8.178592681884766	3.5625722408294678
1607707769385	-3.5625722408294678	-6.761225700378418	0.19153612852096558
1607707769405	-5.1331682205200195	-6.071695327758789	0.26815059781074524
1607707769426	-8.580819129943848	-8.14028549194336	1.8770540952682495
1607707769445	-6.742072105407715	-11.128249168395996	3.44765043258667
1607707769465	-3.5625722408294678	-9.787496566772461	2.75812029838562
1607707769485	-1.8387469053268433	-9.404424667358398	1.5705963373184204
1607707769506	-1.6855180263519287	-10.20887565612793	0.9959878921508789
1607707769526	-1.800439715385437	-10.438719749450684	0.689530074596405
1607707769545	-2.4133553504943848	-9.825803756713867	0.7661445140838623
1607707769565	-2.873042106628418	-9.557653427124023	0.8810662031173706
1607707769585	-3.3710360527038574	-9.404424667358398	0.38307225704193115
1607707769605	-3.5242648124694824	-9.21288776397705	0.0
1607707769625	-3.7924153804779053	-8.71489429473877	-0.689530074596405
1607707769645	-3.9839515686035156	-8.59997272491455	-0.9959878921508789
1607707769665	-4.098873138427734	-8.791508674621582	-1.1492167711257935
1607707769685	-3.9456443786621094	-8.446743965148926	-0.5363011956214905
1607707769705	-3.754108190536499	-8.02536392211914	0.15322890877723694
1607707769726	-3.4093432426452637	-7.603984832763672	0.3064578175544739
1607707769745	-3.294421434402466	-7.489062786102295	0.0
1607707769765	-3.064578056335449	-7.833827972412109	-0.19153612852096558
1607707769786	-3.294421434402466	-8.101978302001953	-0.4213795065879822
1607707769805	-3.7924153804779053	-8.446743965148926	-0.727837324142456
1607707769825	-4.098873138427734	-8.753201484680176	-0.5363011956214905
1607707769845	-4.711789131164551	-8.485051155090332	-0.6512228846549988
1607707769865	-4.022258758544922	-8.33182144165039	-1.6089035272598267
1607707769885	-3.2178070545196533	-8.71489429473877	-1.0342950820922852
1607707769905	-2.911349296569824	-8.983044624328613	-0.5746083855628967
1607707769926	-2.873042106628418	-9.174580574035645	-0.6512228846549988
1607707769945	-3.4093432426452637	-8.753201484680176	-1.6089035272598267
1607707769965	-3.7924153804779053	-8.446743965148926	-2.5282769203186035
1607707769985	-3.2561142444610596	-8.676587104797363	-2.5282769203186035
1607707770005	-2.451662540435791	-9.174580574035645	-1.723825216293335
1607707770025	-2.3367409706115723	-9.174580574035645	-0.8810662031173706
1607707770045	-2.604891538619995	-8.983044624328613	-0.6129156351089478
1607707770066	-3.4093432426452637	-8.983044624328613	-1.2641384601593018
1607707770085	-3.44765043258667	-8.753201484680176	-1.4173674583435059
1607707770105	-3.332728862762451	-8.446743965148926	-0.9959878921508789
1607707770125	-3.2178070545196533	-8.485051155090332	-0.9193734526634216
1607707770145	-3.064578056335449	-9.251194953918457	-1.2258312702178955
1607707770166	-2.873042106628418	-9.634267807006836	-2.0685901641845703
1607707770185	-3.064578056335449	-9.02135181427002	-2.6431987285614014
1607707770206	-3.141192674636841	-8.446743965148926	-3.294421434402466
1607707770225	-3.5242648124694824	-8.33182144165039	-3.2561142444610596
1607707770245	-3.754108190536499	-8.9064302444458	-2.6431987285614014
1607707770265	-3.5242648124694824	-10.132261276245117	-1.5705963373184204
1607707770285	-3.1028854846954346	-11.08994197845459	-1.3024457693099976
1607707770305	-2.298433542251587	-11.473014831542969	-1.9153614044189453
1607707770325	-2.2218191623687744	-12.124237060546875	-1.6855180263519287
1607707770345	-3.1028854846954346	-12.239158630371094	-0.727837324142456
1607707770365	-3.754108190536499	-11.66455078125	-0.038307227194309235
1607707770385	-3.7158010005950928	-10.400412559509277	0.15322890877723694
1607707770405	-3.2178070545196533	-9.864110946655273	0.38307225704193115
1607707770425	-2.8347349166870117	-9.787496566772461	0.689530074596405
1607707770446	-2.719813108444214	-10.553641319274902	0.4596867263317108
1607707770465	-2.911349296569824	-10.745177268981934	1.1109095811843872
1607707770485	-3.5625722408294678	-10.323798179626465	1.1875240802764893
1607707770505	-4.022258758544922	-9.864110946655273	0.07661445438861847
1607707770525	-4.443638324737549	-9.404424667358398	-0.7661445140838623
1607707770545	-4.022258758544922	-9.327810287475586	-0.727837324142456
1607707770565	-3.754108190536499	-9.059659004211426	0.07661445438861847
1607707770586	-3.485957622528076	-9.02135181427002	0.7661445140838623
1607707770605	-2.451662540435791	-8.983044624328613	1.3024457693099976
1607707770625	-2.3750481605529785	-8.59997272491455	1.5705963373184204
1607707770645	-3.44765043258667	-8.255207061767578	1.3024457693099976
1607707770665	-3.6391866207122803	-8.063671112060547	0.9193734526634216
1607707770686	-3.332728862762451	-7.757213592529297	0.9576807022094727
1607707770705	-2.7964274883270264	-7.297526836395264	1.647210717201233
1607707770725	-2.2218191623687744	-7.067683219909668	1.9536685943603516
1607707770745	-1.9536685943603516	-6.8378400802612305	2.0685901641845703
1607707770765	-2.3367409706115723	-6.531382083892822	1.8770540952682495
1607707770785	-3.2178070545196533	-6.45476770401001	1.7621324062347412
1607707770805	-3.9456443786621094	-6.5696892738342285	1.8770540952682495
1607707770825	-4.32871675491333	-6.531382083892822	2.0685901641845703
1607707770846	-4.175487995147705	-6.186617374420166	2.6431987285614014
1607707770865	-3.9839515686035156	-5.880159378051758	3.485957622528076
1607707770885	-3.9456443786621094	-5.688623428344727	3.7158010005950928
1607707770905	-3.907337188720703	-5.497087001800537	3.7924153804779053
1607707770925	-3.869029998779297	-5.458779811859131	3.4093432426452637
1607707770946	-3.754108190536499	-5.2672438621521	3.064578056335449
1607707770965	-4.022258758544922	-4.5394062995910645	2.911349296569824
1607707770987	-3.907337188720703	-4.041412353515625	2.5282769203186035
1607707771005	-3.2561142444610596	-3.8115692138671875	2.3367409706115723
1607707771025	-3.9839515686035156	-3.9264907836914062	3.026270866394043
1607707771047	-6.703764915466309	-6.339846134185791	5.5545477867126465
1607707771066	-7.469909191131592	-11.741165161132812	5.631162166595459
1607707771088	-7.8529815673828125	-11.856086730957031	2.1068975925445557
1607707771106	-6.3973069190979	-9.136273384094238	2.451662540435791
1607707771125	-4.596867084503174	-8.255207061767578	2.183511972427368
1607707771147	-4.6734819412231445	-8.33182144165039	0.8427590131759644
1607707771165	-4.596867084503174	-8.59997272491455	0.9193734526634216
1607707771186	-4.213795185089111	-9.251194953918457	1.4173674583435059
1607707771206	-3.869029998779297	-9.634267807006836	1.1492167711257935
1607707771226	-3.5242648124694824	-9.672574996948242	0.689530074596405
1607707771245	-3.600879430770874	-9.59596061706543	0.6512228846549988
1607707771266	-3.7158010005950928	-9.710882186889648	0.5746083855628967
1607707771288	-3.600879430770874	-9.672574996948242	0.6512228846549988
1607707771306	-3.5242648124694824	-9.02135181427002	1.072602391242981
1607707771325	-3.2178070545196533	-8.14028549194336	0.8044517636299133
1607707771345	-3.2561142444610596	-7.833827972412109	0.38307225704193115
1607707771365	-3.2178070545196533	-7.757213592529297	0.038307227194309235
1607707771386	-2.911349296569824	-8.178592681884766	-0.1149216815829277
1607707771406	-2.9496564865112305	-8.523358345031738	-0.3064578175544739
1607707771425	-3.44765043258667	-8.71489429473877	-0.38307225704193115
1607707771446	-4.213795185089111	-8.59997272491455	-0.49799394607543945
1607707771465	-4.6734819412231445	-8.40843677520752	-0.49799394607543945
1607707771485	-4.63517427444458	-8.33182144165039	-0.4213795065879822
1607707771506	-3.8307228088378906	-8.40843677520752	-0.3064578175544739
1607707771526	-3.5242648124694824	-8.485051155090332	-0.3064578175544739
1607707771546	-3.332728862762451	-8.791508674621582	-0.3064578175544739
1607707771567	-3.5625722408294678	-8.71489429473877	-0.4213795065879822
1607707771585	-3.7924153804779053	-8.561665534973145	-0.689530074596405
1607707771605	-4.060565948486328	-8.485051155090332	-0.9576807022094727
1607707771627	-4.098873138427734	-9.02135181427002	-0.4213795065879822
1607707771645	-4.8267107009887695	-9.059659004211426	-1.3024457693099976
1607707771666	-4.8267107009887695	-8.446743965148926	-2.4899697303771973
1607707771685	-3.6774938106536865	-8.676587104797363	-2.4133553504943848
1607707771706	-1.9153614044189453	-9.289502143859863	-1.1492167711257935
1607707771725	-2.1068975925445557	-9.136273384094238	-0.19153612852096558
1607707771746	-3.2178070545196533	-8.485051155090332	-0.3064578175544739
1607707771768	-3.485957622528076	-8.485051155090332	-0.38307225704193115
1607707771786	-3.907337188720703	-8.33182144165039	-1.1109095811843872
1607707771806	-3.2561142444610596	-8.293514251708984	-1.647210717201233
1607707771826	-2.4899697303771973	-8.829815864562988	-1.8387469053268433
1607707771846	-2.298433542251587	-9.289502143859863	-1.9153614044189453
1607707771867	-2.298433542251587	-9.404424667358398	-1.9919757843017578
1607707771886	-2.6431987285614014	-9.442731857299805	-2.183511972427368
1607707771905	-3.869029998779297	-8.983044624328613	-3.064578056335449
1607707771926	-4.252102375030518	-8.944737434387207	-3.44765043258667
1607707771946	-3.4093432426452637	-9.940725326538086	-2.6431987285614014
1607707771966	-2.604891538619995	-11.473014831542969	-1.4939818382263184
1607707771985	-1.7621324062347412	-12.430695533752441	-1.1492167711257935
1607707772005	-2.1068975925445557	-11.894393920898438	-0.5746083855628967
1607707772025	-3.179499864578247	-11.626243591308594	-0.19153612852096558
1607707772045	-3.44765043258667	-11.66455078125	0.15322890877723694
1607707772065	-3.1028854846954346	-10.553641319274902	0.49799394607543945
1607707772085	-2.4133553504943848	-9.979032516479492	0.5363011956214905
1607707772105	-2.183511972427368	-10.745177268981934	0.9193734526634216
1607707772125	-2.873042106628418	-10.975020408630371	2.298433542251587
1607707772146	-4.750096321105957	-10.017339706420898	3.9839515686035156
1607707772165	-7.1251444816589355	-8.868123054504395	1.37906014919281
1607707772185	-7.8529815673828125	-8.485051155090332	-0.8044517636299133
1607707772205	-7.469909191131592	-8.446743965148926	-2.2218191623687744
1607707772225	-5.1331682205200195	-9.21288776397705	-1.2641384601593018
1607707772246	-1.9919757843017578	-9.557653427124023	0.15322890877723694
1607707772265	-0.3064578175544739	-9.672574996948242	1.4173674583435059
1607707772285	-0.19153612852096558	-9.59596061706543	1.723825216293335
1607707772305	-1.2258312702178955	-9.097966194152832	1.2641384601593018
1607707772325	-2.8347349166870117	-8.485051155090332	0.9193734526634216
1607707772345	-4.137180328369141	-8.063671112060547	1.5322890281677246
1607707772365	-3.9839515686035156	-7.757213592529297	2.030282974243164
1607707772385	-3.332728862762451	-7.489062786102295	1.8387469053268433
1607707772405	-2.298433542251587	-7.680599212646484	1.455674648284912
1607707772425	-1.4939818382263184	-7.833827972412109	1.5322890281677246
1607707772445	-1.6089035272598267	-7.603984832763672	1.8770540952682495
1607707772465	-2.4899697303771973	-7.374141216278076	2.604891538619995
1607707772485	-3.44765043258667	-7.067683219909668	2.298433542251587
1607707772505	-3.869029998779297	-6.14831018447876	1.800439715385437
1607707772526	-4.137180328369141	-5.612008571624756	1.800439715385437
1607707772545	-4.63517427444458	-4.845864295959473	1.723825216293335
1607707772565	-4.788403511047363	-4.654327869415283	1.4939818382263184
1607707772585	-4.367023944854736	-4.922478675842285	1.5705963373184204
1607707772605	-3.3710360527038574	-4.922478675842285	1.647210717201233
1607707772626	-2.183511972427368	-4.845864295959473	2.0685901641845703
1607707772646	-1.072602391242981	-4.501099109649658	2.183511972427368
1607707772666	-1.1875240802764893	-3.8115692138671875	2.4133553504943848
1607707772685	-5.822698593139648	-4.156333923339844	6.01423454284668
1607707772705	-12.29662036895752	-8.638279914855957	7.967903137207031
1607707772725	-5.1331682205200195	-13.924676895141602	4.137180328369141
1607707772745	-2.873042106628418	-9.097966194152832	2.451662540435791
1607707772765	-3.332728862762451	-7.910442352294922	3.6774938106536865
1607707772785	-4.6734819412231445	-8.216899871826172	0.7661445140838623
1607707772806	-5.784391403198242	-8.485051155090332	0.727837324142456
1607707772825	-5.70777702331543	-9.481039047241211	1.723825216293335
1607707772845	-5.20978307723999	-9.672574996948242	1.8387469053268433
1607707772865	-4.060565948486328	-10.132261276245117	1.1492167711257935
1607707772885	-3.064578056335449	-10.20887565612793	0.1149216815829277
1607707772905	-2.4899697303771973	-9.90241813659668	0.26815059781074524
1607707772926	-2.3367409706115723	-9.634267807006836	0.5746083855628967
1607707772946	-2.9496564865112305	-9.442731857299805	0.6512228846549988
1607707772966	-2.7964274883270264	-9.02135181427002	0.9193734526634216
1607707772986	-3.064578056335449	-8.829815864562988	0.9576807022094727
1607707773006	-3.3710360527038574	-8.523358345031738	0.4596867263317108
1607707773026	-3.332728862762451	-8.485051155090332	0.19153612852096558
1607707773046	-2.9496564865112305	-8.59997272491455	-0.038307227194309235
1607707773066	-2.604891538619995	-8.485051155090332	-0.38307225704193115
1607707773089	-2.8347349166870117	-8.293514251708984	-0.689530074596405
1607707773106	-3.754108190536499	-8.33182144165039	-1.37906014919281
1607707773126	-4.252102375030518	-8.638279914855957	-1.7621324062347412
1607707773145	-4.596867084503174	-8.59997272491455	-0.6129156351089478
1607707773166	-4.558559894561768	-8.791508674621582	0.038307227194309235
1607707773185	-4.6734819412231445	-9.059659004211426	0.9193734526634216
1607707773205	-4.098873138427734	-8.59997272491455	0.19153612852096558
1607707773226	-3.6391866207122803	-8.216899871826172	-0.5746083855628967
1607707773245	-3.064578056335449	-7.987056732177734	-1.1109095811843872
1607707773265	-2.6815059185028076	-7.680599212646484	-1.5705963373184204
1607707773285	-2.5282769203186035	-8.868123054504395	-1.2258312702178955
1607707773305	-1.8770540952682495	-9.59596061706543	-0.1149216815829277
1607707773325	-2.75812029838562	-8.944737434387207	0.07661445438861847
1607707773346	-3.869029998779297	-8.59997272491455	-0.8427590131759644
1607707773366	-4.443638324737549	-8.829815864562988	-1.6855180263519287
1607707773386	-4.32871675491333	-8.829815864562988	-1.6089035272598267
1607707773405	-3.064578056335449	-8.829815864562988	-1.455674648284912
1607707773425	-1.8387469053268433	-8.944737434387207	-0.689530074596405
1607707773446	-1.6855180263519287	-8.753201484680176	-1.0342950820922852
1607707773466	-2.2601263523101807	-8.791508674621582	-1.8387469053268433
1607707773485	-2.7964274883270264	-8.829815864562988	-2.9879636764526367
1607707773506	-2.9879636764526367	-8.944737434387207	-3.026270866394043
1607707773525	-3.9839515686035156	-9.557653427124023	-2.4133553504943848
1607707773546	-5.171475887298584	-10.323798179626465	-2.3750481605529785
1607707773566	-5.861005783081055	-11.35809326171875	-2.873042106628418
1607707773585	-5.018246650695801	-12.660538673400879	-2.2601263523101807
1607707773605	-3.44765043258667	-13.579912185668945	-0.1149216815829277
1607707773625	-2.7964274883270264	-13.694833755493164	1.1492167711257935
1607707773645	-2.6431987285614014	-12.583924293518066	0.8810662031173706
1607707773665	-2.145204782485962	-10.821791648864746	0.6512228846549988
1607707773686	-2.298433542251587	-10.668562889099121	0.4596867263317108
1607707773706	-1.9536685943603516	-11.35809326171875	1.3407529592514038
1607707773726	-2.145204782485962	-11.08994197845459	2.4133553504943848
1607707773745	-3.8307228088378906	-10.20887565612793	1.6855180263519287
1607707773765	-6.052541732788086	-8.9064302444458	-1.9153614044189453
1607707773786	-6.244078159332275	-8.523358345031738	-3.5625722408294678
1607707773805	-4.788403511047363	-7.872135162353516	-3.6774938106536865
1607707773825	-4.175487995147705	-7.603984832763672	-3.8307228088378906
1607707773846	-2.7964274883270264	-7.489062786102295	-3.064578056335449
1607707773865	-1.6855180263519287	-7.872135162353516	-1.1109095811843872
1607707773886	-1.37906014919281	-8.063671112060547	0.8427590131759644
1607707773905	-2.0685901641845703	-7.603984832763672	1.5322890281677246
1607707773925	-2.9879636764526367	-7.220912456512451	1.1492167711257935
1607707773945	-2.873042106628418	-6.952761650085449	0.26815059781074524
1607707773965	-2.9879636764526367	-6.607996463775635	0.3447650372982025
1607707773986	-2.9879636764526367	-6.4164605140686035	0.4213795065879822
1607707774005	-2.5665841102600098	-6.607996463775635	0.7661445140838623
1607707774025	-2.145204782485962	-6.914454460144043	0.8427590131759644
1607707774045	-1.2641384601593018	-7.489062786102295	1.1109095811843872
1607707774065	-1.072602391242981	-7.757213592529297	1.1492167711257935
1607707774085	-1.2641384601593018	-7.718906402587891	1.37906014919281
1607707774105	-1.9536685943603516	-7.642292022705078	1.7621324062347412
1607707774126	-2.6815059185028076	-7.450755596160889	1.8770540952682495
1607707774146	-2.7964274883270264	-7.374141216278076	1.9919757843017578
1607707774165	-2.7964274883270264	-7.297526836395264	2.298433542251587
1607707774185	-3.179499864578247	-7.565677165985107	2.4133553504943848
1607707774205	-3.5625722408294678	-7.987056732177734	2.5665841102600098
1607707774225	-4.213795185089111	-8.216899871826172	2.6815059185028076
1607707774246	-4.750096321105957	-8.33182144165039	2.4899697303771973
1607707774266	-5.2480902671813965	-7.987056732177734	2.3367409706115723
1607707774285	-4.367023944854736	-7.412448406219482	2.5282769203186035
1607707774306	-3.141192674636841	-7.182605266571045	2.9496564865112305
1607707774325	-2.9879636764526367	-6.761225700378418	3.179499864578247
1607707774346	-2.873042106628418	-6.952761650085449	2.5665841102600098
1607707774366	-2.719813108444214	-7.067683219909668	1.8770540952682495
1607707774385	-2.75812029838562	-6.9910688400268555	0.8427590131759644
1607707774405	-2.298433542251587	-8.063671112060547	1.2641384601593018
1607707774426	-3.2178070545196533	-11.434707641601562	0.8044517636299133
1607707774446	-10.074800491333008	-14.231135368347168	1.8387469053268433
1607707774465	-11.03248119354248	-14.72912883758545	0.7661445140838623
1607707774486	-6.550535678863525	-12.354081153869629	0.3064578175544739
1607707774506	0.8810662031173706	-9.174580574035645	0.5746083855628967
1607707774526	3.1028854846954346	-8.063671112060547	-0.38307225704193115
1607707774545	1.6089035272598267	-7.833827972412109	-1.2258312702178955
1607707774566	-0.26815059781074524	-7.757213592529297	-1.6855180263519287
1607707774586	-1.5705963373184204	-9.327810287475586	-2.4899697303771973
1607707774606	-3.179499864578247	-10.706870079040527	-3.6391866207122803
1607707774627	-4.098873138427734	-10.821791648864746	-4.711789131164551
1607707774646	-4.367023944854736	-9.59596061706543	-4.481945514678955
1607707774666	-3.9456443786621094	-8.255207061767578	-1.9919757843017578
1607707774686	-3.2178070545196533	-7.680599212646484	0.689530074596405
1607707774706	-1.5705963373184204	-8.33182144165039	1.2641384601593018
1607707774729	-0.8044517636299133	-9.136273384094238	0.07661445438861847
1607707774745	-1.3407529592514038	-9.481039047241211	-1.1492167711257935
1607707774766	-2.5282769203186035	-9.289502143859863	-2.3367409706115723
1607707774785	-3.7924153804779053	-9.289502143859863	-2.2218191623687744
1607707774805	-4.060565948486328	-9.059659004211426	-1.9536685943603516
1607707774825	-3.8307228088378906	-9.289502143859863	-0.8810662031173706
1607707774845	-3.2561142444610596	-9.519346237182617	-0.1149216815829277
1607707774865	-3.294421434402466	-9.21288776397705	-0.9193734526634216
1607707774885	-2.9879636764526367	-8.59997272491455	-2.451662540435791
1607707774905	-2.719813108444214	-8.446743965148926	-2.0685901641845703
1607707774925	-2.911349296569824	-8.71489429473877	-1.5322890281677246
1607707774945	-3.141192674636841	-9.02135181427002	-1.37906014919281
1607707774965	-2.6431987285614014	-9.59596061706543	-1.8770540952682495
1607707774985	-1.647210717201233	-9.519346237182617	-1.3407529592514038
1607707775005	-1.1875240802764893	-9.251194953918457	-0.5746083855628967
1607707775025	-1.9919757843017578	-8.638279914855957	-0.038307227194309235
1607707775046	-3.44765043258667	-7.757213592529297	-0.49799394607543945
1607707775066	-3.9839515686035156	-7.757213592529297	-1.4939818382263184
1607707775086	-3.5242648124694824	-8.101978302001953	-2.7964274883270264
1607707775106	-2.8347349166870117	-8.293514251708984	-3.2561142444610596
1607707775125	-2.6815059185028076	-8.370129585266113	-2.9496564865112305
1607707775145	-2.3750481605529785	-8.791508674621582	-1.723825216293335
1607707775166	-2.451662540435791	-9.251194953918457	-1.455674648284912
1607707775186	-2.030282974243164	-9.59596061706543	-1.9153614044189453
1607707775206	-1.5322890281677246	-9.787496566772461	-2.2601263523101807
1607707775225	-1.5705963373184204	-10.247182846069336	-2.604891538619995
1607707775245	-2.451662540435791	-11.128249168395996	-3.9839515686035156
1607707775266	-2.6431987285614014	-10.285490036010742	-3.9456443786621094
1607707775286	-2.604891538619995	-10.132261276245117	-0.38307225704193115
1607707775305	-3.332728862762451	-11.166556358337402	0.6512228846549988
1607707775326	-4.481945514678955	-10.860098838806152	-1.072602391242981
1607707775346	-4.481945514678955	-9.825803756713867	-2.75812029838562
1607707775366	-3.485957622528076	-9.749189376831055	-2.1068975925445557
1607707775386	-2.604891538619995	-10.438719749450684	-0.19153612852096558
1607707775406	-2.4899697303771973	-10.553641319274902	1.647210717201233
1607707775426	-2.1068975925445557	-10.323798179626465	1.9536685943603516
1607707775446	-1.9919757843017578	-11.319786071777344	0.9959878921508789
1607707775465	-1.8770540952682495	-11.856086730957031	0.4213795065879822
1607707775485	-1.8387469053268433	-11.741165161132812	0.15322890877723694
1607707775505	-2.030282974243164	-10.975020408630371	0.4213795065879822
1607707775525	-2.6431987285614014	-10.591948509216309	-0.2298433631658554
1607707775545	-3.294421434402466	-9.825803756713867	-2.604891538619995
1607707775565	-3.869029998779297	-9.710882186889648	-2.719813108444214
1607707775585	-3.332728862762451	-9.519346237182617	-1.5322890281677246
1607707775605	-2.2218191623687744	-9.366117477416992	0.727837324142456
1607707775626	-1.7621324062347412	-9.519346237182617	2.145204782485962
1607707775645	-1.9153614044189453	-9.634267807006836	2.183511972427368
1607707775665	-2.911349296569824	-9.634267807006836	1.723825216293335
1607707775685	-4.022258758544922	-9.404424667358398	1.0342950820922852
1607707775706	-3.2178070545196533	-8.944737434387207	0.9193734526634216
1607707775726	-2.2218191623687744	-8.101978302001953	0.9193734526634216
1607707775746	-1.6855180263519287	-7.718906402587891	1.1109095811843872
1607707775765	-2.0685901641845703	-7.642292022705078	1.3407529592514038
1607707775785	-2.719813108444214	-7.833827972412109	1.2641384601593018
1607707775806	-3.7158010005950928	-7.680599212646484	0.8427590131759644
1607707775826	-3.6774938106536865	-6.9910688400268555	0.8044517636299133
1607707775846	-3.1028854846954346	-6.071695327758789	1.6089035272598267
1607707775866	-2.183511972427368	-5.535394191741943	2.030282974243164
1607707775886	-1.7621324062347412	-4.922478675842285	2.298433542251587
1607707775906	-1.8770540952682495	-4.616020679473877	2.3750481605529785
1607707775926	-2.030282974243164	-4.194641590118408	2.604891538619995
1607707775948	-2.183511972427368	-4.347870349884033	2.3750481605529785
1607707775966	-2.6815059185028076	-4.960785865783691	1.647210717201233
1607707775985	-2.873042106628418	-4.922478675842285	1.1492167711257935
1607707776006	-2.3367409706115723	-4.76924991607666	0.727837324142456
1607707776025	-3.5625722408294678	-4.462791919708252	2.719813108444214
1607707776045	-11.1474027633667	-6.224924564361572	8.35097599029541
1607707776067	-11.60708999633789	-14.92066478729248	6.129156112670898
1607707776086	-6.588842868804932	-12.392388343811035	3.485957622528076
1607707776106	-4.711789131164551	-9.519346237182617	2.030282974243164
1607707776125	-1.9153614044189453	-7.948749542236328	4.367023944854736
1607707776145	-3.2561142444610596	-7.105990409851074	0.19153612852096558
1607707776166	-4.252102375030518	-7.144298076629639	0.38307225704193115
1607707776186	-5.4013190269470215	-8.71489429473877	0.5363011956214905
1607707776205	-5.2480902671813965	-10.362105369567871	1.2641384601593018
1607707776225	-3.4093432426452637	-9.787496566772461	1.1109095811843872
1607707776246	-2.4899697303771973	-9.59596061706543	0.19153612852096558
1607707776266	-2.5665841102600098	-9.749189376831055	0.26815059781074524
1607707776286	-2.451662540435791	-9.825803756713867	0.2298433631658554
1607707776306	-2.3367409706115723	-9.710882186889648	0.3064578175544739
1607707776326	-2.030282974243164	-9.519346237182617	0.727837324142456
1607707776345	-2.030282974243164	-9.059659004211426	0.6512228846549988
1607707776366	-2.451662540435791	-8.983044624328613	0.5363011956214905
1607707776385	-2.604891538619995	-9.327810287475586	0.19153612852096558
1607707776405	-2.5282769203186035	-9.251194953918457	0.07661445438861847
1607707776425	-2.3367409706115723	-9.02135181427002	0.07661445438861847
1607707776446	-2.3367409706115723	-8.868123054504395	-0.4213795065879822
1607707776465	-2.451662540435791	-8.71489429473877	-1.647210717201233
1607707776485	-3.141192674636841	-8.293514251708984	-1.647210717201233
1607707776506	-3.4093432426452637	-8.638279914855957	-0.8810662031173706
1607707776526	-3.6774938106536865	-8.676587104797363	-0.38307225704193115
1607707776545	-3.8307228088378906	-8.71489429473877	-0.4213795065879822
1607707776566	-3.7158010005950928	-8.791508674621582	-0.5363011956214905
1607707776585	-3.4093432426452637	-8.485051155090332	-0.6129156351089478
1607707776606	-2.719813108444214	-8.638279914855957	-1.1109095811843872
1607707776626	-2.6431987285614014	-8.293514251708984	-1.6855180263519287
1607707776646	-2.6431987285614014	-8.446743965148926	-1.8770540952682495
1607707776665	-2.145204782485962	-9.21288776397705	-0.727837324142456
1607707776689	-2.030282974243164	-9.289502143859863	0.038307227194309235
1607707776706	-3.064578056335449	-8.868123054504395	-0.5746083855628967
1607707776725	-3.2561142444610596	-8.983044624328613	-1.5705963373184204
1607707776745	-2.7964274883270264	-9.02135181427002	-0.7661445140838623
1607707776765	-2.719813108444214	-8.944737434387207	-0.4596867263317108
1607707776785	-2.8347349166870117	-8.944737434387207	-0.6129156351089478
1607707776805	-2.604891538619995	-9.289502143859863	-1.1109095811843872
1607707776825	-2.8347349166870117	-9.251194953918457	-2.5665841102600098
1607707776845	-2.6431987285614014	-9.710882186889648	-4.405331134796143
1607707776865	-2.5282769203186035	-9.710882186889648	-3.907337188720703
1607707776885	-2.2601263523101807	-9.825803756713867	-2.2601263523101807
1607707776905	-1.8770540952682495	-10.323798179626465	-1.5705963373184204
1607707776927	-2.451662540435791	-10.745177268981934	-2.4133553504943848
1607707776946	-2.4133553504943848	-10.323798179626465	-3.6774938106536865
1607707776965	-1.8387469053268433	-10.515334129333496	-3.141192674636841
1607707776985	-1.723825216293335	-11.013327598571777	-1.37906014919281
1607707777005	-1.9919757843017578	-11.243170738220215	-0.1149216815829277
1607707777025	-2.030282974243164	-11.013327598571777	0.49799394607543945
1607707777045	-2.1068975925445557	-10.438719749450684	0.8044517636299133
1607707777065	-1.800439715385437	-9.864110946655273	0.7661445140838623
1607707777085	-1.7621324062347412	-9.825803756713867	0.8044517636299133
1607707777105	-1.7621324062347412	-10.093954086303711	1.072602391242981
1607707777126	-2.030282974243164	-10.591948509216309	1.7621324062347412
1607707777145	-3.4093432426452637	-10.093954086303711	1.3407529592514038
1607707777165	-4.367023944854736	-9.979032516479492	-0.4213795065879822
1607707777185	-4.137180328369141	-10.132261276245117	-1.5705963373184204
1607707777205	-3.754108190536499	-9.710882186889648	-0.689530074596405
1607707777225	-2.719813108444214	-9.519346237182617	0.38307225704193115
1607707777245	-1.9536685943603516	-9.404424667358398	1.647210717201233
1607707777265	-1.6089035272598267	-9.557653427124023	2.4133553504943848
1607707777285	-2.3367409706115723	-9.557653427124023	1.6089035272598267
1607707777305	-3.026270866394043	-9.251194953918457	1.3024457693099976
1607707777326	-3.064578056335449	-8.59997272491455	1.2641384601593018
1607707777345	-2.183511972427368	-7.872135162353516	1.647210717201233
1607707777365	-2.183511972427368	-7.374141216278076	1.9536685943603516
1607707777386	-1.8770540952682495	-7.067683219909668	1.6855180263519287
1607707777406	-1.8770540952682495	-6.8378400802612305	1.455674648284912
1607707777425	-2.145204782485962	-6.761225700378418	1.6089035272598267
1607707777445	-2.451662540435791	-6.761225700378418	2.183511972427368
1607707777465	-2.1068975925445557	-6.914454460144043	2.4899697303771973
1607707777485	-2.2218191623687744	-6.493074893951416	2.604891538619995
1607707777505	-3.1028854846954346	-5.726930618286133	2.604891538619995
1607707777525	-3.9839515686035156	-5.228936672210693	2.4133553504943848
1607707777545	-4.213795185089111	-4.922478675842285	1.647210717201233
1607707777565	-3.754108190536499	-4.577713489532471	0.7661445140838623
1607707777586	-3.1028854846954346	-3.9647979736328125	0.4213795065879822
1607707777605	-2.873042106628418	-3.466804027557373	0.5363011956214905
1607707777626	-6.856993675231934	-3.6583402156829834	3.3710360527038574
1607707777645	-10.41956615447998	-7.795520782470703	4.941632270812988
1607707777665	-5.975927352905273	-13.464990615844727	5.51624059677124
1607707777685	-4.060565948486328	-11.894393920898438	5.4013190269470215
1607707777705	-4.060565948486328	-9.940725326538086	2.873042106628418
1607707777725	-3.6391866207122803	-8.523358345031738	0.0
1607707777745	-3.754108190536499	-7.603984832763672	0.4596867263317108
1607707777765	-4.137180328369141	-7.105990409851074	0.727837324142456
1607707777786	-4.520252704620361	-8.14028549194336	0.8810662031173706
1607707777811	-4.290409564971924	-9.21288776397705	0.3447650372982025
1607707777816	-3.8307228088378906	-9.519346237182617	0.07661445438861847
1607707777826	-3.332728862762451	-9.634267807006836	-0.07661445438861847
1607707777840	-2.9879636764526367	-9.710882186889648	0.038307227194309235
1607707777847	-2.719813108444214	-9.710882186889648	0.19153612852096558
1607707777856	-2.5282769203186035	-9.710882186889648	0.3447650372982025
1607707777866	-2.4899697303771973	-9.634267807006836	0.4213795065879822
1607707777889	-2.5665841102600098	-9.59596061706543	0.4596867263317108
1607707777889	-2.6431987285614014	-9.442731857299805	0.38307225704193115
1607707777896	-2.873042106628418	-9.289502143859863	0.3447650372982025
1607707777907	-2.9879636764526367	-9.174580574035645	0.49799394607543945
1607707777916	-2.9496564865112305	-9.097966194152832	0.5363011956214905
1607707777926	-2.873042106628418	-8.983044624328613	0.5363011956214905
1607707777936	-2.75812029838562	-9.059659004211426	0.6512228846549988
1607707777946	-2.719813108444214	-8.983044624328613	0.9193734526634216
1607707777956	-2.75812029838562	-8.983044624328613	1.2258312702178955
1607707777966	-2.7964274883270264	-9.059659004211426	1.1492167711257935
1607707777976	-2.6815059185028076	-9.097966194152832	1.072602391242981
1607707777986	-2.4133553504943848	-9.174580574035645	0.727837324142456
1607707777996	-2.145204782485962	-9.174580574035645	0.5746083855628967
1607707778006	-2.0685901641845703	-8.983044624328613	0.26815059781074524
1607707778016	-1.9919757843017578	-8.829815864562988	-0.19153612852096558
1607707778025	-1.9536685943603516	-8.791508674621582	-0.6512228846549988
1607707778036	-2.0685901641845703	-8.9064302444458	-1.1109095811843872
1607707778046	-2.1068975925445557	-8.829815864562988	-1.455674648284912
1607707778056	-2.183511972427368	-8.868123054504395	-1.647210717201233
1607707778066	-2.3367409706115723	-9.059659004211426	-1.647210717201233
1607707778076	-2.3367409706115723	-9.059659004211426	-1.647210717201233
1607707778086	-2.5665841102600098	-9.136273384094238	-1.5322890281677246
1607707778096	-2.873042106628418	-9.174580574035645	-1.455674648284912
1607707778107	-3.1028854846954346	-9.21288776397705	-1.37906014919281
1607707778116	-3.332728862762451	-9.02135181427002	-1.37906014919281
1607707778126	-3.3710360527038574	-8.868123054504395	-1.3024457693099976
1607707778136	-3.4093432426452637	-8.676587104797363	-1.1492167711257935
1607707778148	-3.5625722408294678	-8.561665534973145	-0.9193734526634216
1607707778164	-3.44765043258667	-8.676587104797363	-0.7661445140838623
1607707778170	-3.44765043258667	-8.59997272491455	-0.8427590131759644
1607707778176	-3.4093432426452637	-8.59997272491455	-1.1109095811843872
1607707778186	-3.2561142444610596	-8.523358345031738	-1.2641384601593018
1607707778196	-2.9496564865112305	-8.561665534973145	-1.3024457693099976
1607707778206	-2.4899697303771973	-8.9064302444458	-0.9576807022094727
1607707778218	-1.8770540952682495	-9.097966194152832	-0.6512228846549988
1607707778226	-1.7621324062347412	-9.02135181427002	-0.4596867263317108
1607707778236	-1.6855180263519287	-8.676587104797363	-0.6512228846549988
1607707778246	-1.723825216293335	-8.370129585266113	-1.0342950820922852
1607707778256	-1.9536685943603516	-8.255207061767578	-1.6089035272598267
1607707778266	-2.3367409706115723	-8.676587104797363	-1.9153614044189453
1607707778278	-2.75812029838562	-9.174580574035645	-2.183511972427368
1607707778286	-3.294421434402466	-9.481039047241211	-1.9153614044189453
1607707778296	-3.179499864578247	-9.864110946655273	-1.723825216293335
1607707778306	-2.719813108444214	-9.979032516479492	-1.1109095811843872
1607707778316	-2.451662540435791	-9.864110946655273	-0.6512228846549988
1607707778326	-2.298433542251587	-9.366117477416992	-0.26815059781074524
1607707778336	-2.3750481605529785	-8.868123054504395	0.1149216815829277
1607707778346	-2.5665841102600098	-8.446743965148926	0.26815059781074524
1607707778358	-2.719813108444214	-8.178592681884766	-0.038307227194309235
1607707778366	-2.604891538619995	-8.293514251708984	-0.5746083855628967
1607707778376	-2.451662540435791	-8.523358345031738	-1.455674648284912
1607707778386	-2.3750481605529785	-8.829815864562988	-2.145204782485962
1607707778396	-2.4133553504943848	-8.9064302444458	-2.451662540435791
1607707778406	-2.4133553504943848	-8.9064302444458	-2.451662540435791
1607707778416	-2.183511972427368	-8.983044624328613	-2.4133553504943848
1607707778426	-1.9536685943603516	-9.02135181427002	-2.183511972427368
1607707778436	-1.647210717201233	-9.366117477416992	-1.7621324062347412
1607707778448	-1.37906014919281	-9.634267807006836	-1.6855180263519287
1607707778456	-1.6855180263519287	-9.825803756713867	-1.5705963373184204
1607707778466	-2.2218191623687744	-9.940725326538086	-1.8770540952682495
1607707778483	-2.7964274883270264	-9.940725326538086	-2.2218191623687744
1607707778486	-3.2561142444610596	-9.825803756713867	-2.3367409706115723
1607707778496	-3.2178070545196533	-9.749189376831055	-2.183511972427368
1607707778506	-2.9496564865112305	-9.672574996948242	-1.723825216293335
1607707778516	-2.6431987285614014	-9.672574996948242	-1.455674648284912
1607707778525	-2.451662540435791	-9.787496566772461	-1.3407529592514038
1607707778535	-2.183511972427368	-10.247182846069336	-1.6089035272598267
1607707778546	-1.9536685943603516	-10.668562889099121	-2.3750481605529785
1607707778556	-1.5322890281677246	-11.013327598571777	-3.179499864578247
1607707778566	-0.9576807022094727	-11.281478881835938	-3.600879430770874
1607707778576	-0.6512228846549988	-11.511322021484375	-3.294421434402466
1607707778586	-0.6512228846549988	-11.817779541015625	-2.1068975925445557
1607707778599	-0.8810662031173706	-12.085929870605469	-0.9576807022094727
1607707778606	-1.2641384601593018	-12.277466773986816	-0.19153612852096558
1607707778616	-1.6855180263519287	-12.239158630371094	0.38307225704193115
1607707778626	-1.9153614044189453	-12.009315490722656	0.6512228846549988
1607707778636	-2.145204782485962	-11.511322021484375	0.9576807022094727
1607707778646	-2.183511972427368	-10.860098838806152	1.2258312702178955
1607707778662	-2.2601263523101807	-10.438719749450684	1.1875240802764893
1607707778666	-2.298433542251587	-10.055646896362305	1.1109095811843872
1607707778676	-2.2218191623687744	-9.864110946655273	1.0342950820922852
1607707778686	-2.2218191623687744	-9.90241813659668	0.8427590131759644
1607707778696	-2.3367409706115723	-10.093954086303711	0.9576807022094727
1607707778706	-2.719813108444214	-10.247182846069336	1.1875240802764893
1607707778716	-3.2561142444610596	-10.093954086303711	1.5322890281677246
1607707778726	-3.869029998779297	-9.825803756713867	1.4173674583435059
1607707778736	-3.7924153804779053	-9.825803756713867	1.4173674583435059
1607707778746	-3.907337188720703	-9.634267807006836	1.072602391242981
1607707778756	-4.098873138427734	-9.366117477416992	0.3447650372982025
1607707778766	-3.9456443786621094	-9.21288776397705	-0.3064578175544739
1607707778776	-3.600879430770874	-9.289502143859863	-0.8044517636299133
1607707778785	-3.332728862762451	-9.481039047241211	-0.9193734526634216
1607707778795	-3.064578056335449	-9.634267807006836	-1.0342950820922852
1607707778806	-2.9496564865112305	-9.672574996948242	-0.6512228846549988
1607707778816	-2.9496564865112305	-9.672574996948242	-0.1149216815829277
1607707778826	-3.064578056335449	-9.327810287475586	0.5363011956214905
1607707778836	-2.75812029838562	-9.21288776397705	1.3024457693099976
1607707778846	-2.6431987285614014	-9.174580574035645	1.9536685943603516
1607707778855	-2.7964274883270264	-9.059659004211426	2.183511972427368
1607707778865	-2.9496564865112305	-9.059659004211426	2.298433542251587
1607707778880	-3.2561142444610596	-9.21288776397705	2.2218191623687744
1607707778897	-3.7924153804779053	-9.366117477416992	1.800439715385437
1607707778918	-3.9839515686035156	-9.519346237182617	1.1109095811843872
1607707778927	-3.754108190536499	-9.519346237182617	0.9193734526634216
1607707778936	-3.1028854846954346	-9.327810287475586	0.8810662031173706
1607707778946	-2.4133553504943848	-9.02135181427002	1.072602391242981
1607707778956	-1.9536685943603516	-8.753201484680176	1.3407529592514038
1607707778966	-1.7621324062347412	-8.446743965148926	1.455674648284912
1607707778981	-1.5705963373184204	-8.216899871826172	1.5322890281677246
1607707778987	-1.5705963373184204	-8.101978302001953	1.5322890281677246
1607707778999	-1.723825216293335	-8.02536392211914	1.5705963373184204
1607707779006	-1.9919757843017578	-7.948749542236328	1.6855180263519287
1607707779016	-2.298433542251587	-7.833827972412109	1.9153614044189453
1607707779026	-2.5665841102600098	-7.565677165985107	2.145204782485962
1607707779036	-2.5665841102600098	-7.412448406219482	2.145204782485962
1607707779046	-2.604891538619995	-7.220912456512451	2.2601263523101807
1607707779055	-2.604891538619995	-7.220912456512451	2.2601263523101807
1607707779066	-2.5665841102600098	-6.8378400802612305	2.3367409706115723
1607707779076	-2.4899697303771973	-6.531382083892822	2.604891538619995
1607707779085	-2.5282769203186035	-6.2632317543029785	2.604891538619995
1607707779096	-2.5282769203186035	-6.14831018447876	2.4133553504943848
1607707779106	-2.6431987285614014	-5.995080947875977	2.3367409706115723
1607707779116	-2.9496564865112305	-5.918466567993164	2.145204782485962
1607707779126	-3.064578056335449	-5.726930618286133	2.030282974243164
1607707779136	-2.873042106628418	-5.458779811859131	2.030282974243164
1607707779146	-2.8347349166870117	-5.190629482269287	2.0685901641845703
1607707779162	-2.75812029838562	-5.07570743560791	2.298433542251587
1607707779166	-2.604891538619995	-4.922478675842285	2.5665841102600098
1607707779176	-2.75812029838562	-4.807557106018066	2.5282769203186035
1607707779186	-2.9496564865112305	-4.730942726135254	2.145204782485962
1607707779196	-2.873042106628418	-4.501099109649658	1.6089035272598267
1607707779206	-2.8347349166870117	-4.309563159942627	1.3024457693099976
1607707779216	-2.719813108444214	-4.194641590118408	1.1109095811843872
1607707779226	-2.4133553504943848	-4.1180267333984375	0.8044517636299133
1607707779236	-2.2601263523101807	-4.194641590118408	0.38307225704193115
1607707779246	-2.5665841102600098	-4.1180267333984375	0.9193734526634216
1607707779256	-4.252102375030518	-4.079719543457031	3.179499864578247
1607707779266	-8.695740699768066	-4.807557106018066	6.89530086517334
1607707779276	-12.22000503540039	-7.833827972412109	8.389283180236816
1607707779286	-11.91354751586914	-11.741165161132812	7.354987621307373
1607707779296	-8.006210327148438	-14.116212844848633	4.098873138427734
1607707779306	-5.975927352905273	-12.622231483459473	3.2178070545196533
1607707779315	-4.213795185089111	-10.821791648864746	2.604891538619995
1607707779325	-3.179499864578247	-8.944737434387207	2.5282769203186035
1607707779336	-2.719813108444214	-7.833827972412109	2.5282769203186035
1607707779345	-2.9879636764526367	-7.297526836395264	2.0685901641845703
1607707779356	-3.4093432426452637	-7.144298076629639	1.1109095811843872
1607707779366	-3.7924153804779053	-7.297526836395264	0.3447650372982025
1607707779375	-4.750096321105957	-7.33583402633667	0.26815059781074524
1607707779386	-4.750096321105957	-7.33583402633667	0.26815059781074524
1607707779396	-5.822698593139648	-7.33583402633667	1.1492167711257935
1607707779407	-6.588842868804932	-8.14028549194336	1.6855180263519287
1607707779416	-6.512228488922119	-9.442731857299805	1.647210717201233
1607707779426	-5.784391403198242	-10.323798179626465	2.451662540435791
1607707779436	-4.750096321105957	-10.400412559509277	2.9879636764526367
1607707779445	-3.600879430770874	-9.864110946655273	2.4133553504943848
1607707779456	-2.6431987285614014	-9.251194953918457	1.2641384601593018
1607707779465	-2.030282974243164	-8.983044624328613	0.6512228846549988
1607707779476	-1.8770540952682495	-9.059659004211426	0.5363011956214905
1607707779486	-1.8770540952682495	-9.097966194152832	0.689530074596405
1607707779496	-1.800439715385437	-9.251194953918457	0.6129156351089478
1607707779506	-1.8387469053268433	-9.404424667358398	0.5363011956214905
1607707779519	-1.9919757843017578	-9.519346237182617	0.2298433631658554
1607707779526	-2.030282974243164	-9.710882186889648	-0.038307227194309235
1607707779536	-2.2601263523101807	-9.940725326538086	-0.15322890877723694
1607707779546	-2.5665841102600098	-10.093954086303711	-0.1149216815829277
1607707779557	-2.719813108444214	-10.017339706420898	0.038307227194309235
1607707779566	-2.719813108444214	-9.864110946655273	0.19153612852096558
1607707779576	-2.3750481605529785	-9.59596061706543	0.19153612852096558
1607707779587	-1.9919757843017578	-9.366117477416992	0.3064578175544739
1607707779596	-1.6855180263519287	-9.289502143859863	0.4213795065879822
1607707779606	-1.9153614044189453	-9.327810287475586	0.4213795065879822
1607707779615	-2.2601263523101807	-9.442731857299805	0.15322890877723694
1607707779625	-2.4133553504943848	-9.59596061706543	-0.26815059781074524
1607707779636	-2.2218191623687744	-9.634267807006836	-0.38307225704193115
1607707779646	-1.9153614044189453	-9.557653427124023	-0.3447650372982025
1607707779663	-1.5705963373184204	-9.21288776397705	-0.2298433631658554
1607707779666	-1.4939818382263184	-9.059659004211426	-0.2298433631658554
1607707779676	-1.3024457693099976	-8.829815864562988	-0.38307225704193115
1607707779691	-1.2641384601593018	-8.676587104797363	-0.6129156351089478
1607707779699	-1.4173674583435059	-8.561665534973145	-1.1492167711257935
1607707779706	-1.7621324062347412	-8.638279914855957	-1.6855180263519287
1607707779716	-1.7621324062347412	-8.638279914855957	-1.6855180263519287
1607707779726	-2.030282974243164	-8.9064302444458	-2.0685901641845703
1607707779736	-2.298433542251587	-9.174580574035645	-2.2601263523101807
1607707779746	-2.4133553504943848	-9.366117477416992	-2.3750481605529785
1607707779756	-2.719813108444214	-9.21288776397705	-2.3367409706115723
1607707779770	-3.064578056335449	-8.9064302444458	-2.451662540435791
1607707779776	-3.179499864578247	-8.638279914855957	-2.4133553504943848
1607707779786	-3.485957622528076	-8.561665534973145	-2.0685901641845703
1607707779796	-3.4093432426452637	-8.59997272491455	-1.8770540952682495
1607707779807	-3.064578056335449	-8.485051155090332	-1.5322890281677246
1607707779816	-2.604891538619995	-8.59997272491455	-1.1875240802764893
1607707779826	-2.451662540435791	-8.59997272491455	-0.7661445140838623
1607707779836	-2.5282769203186035	-8.638279914855957	-0.49799394607543945
1607707779846	-2.5665841102600098	-8.59997272491455	-0.4213795065879822
1607707779856	-2.4133553504943848	-8.59997272491455	-0.689530074596405
1607707779866	-2.4899697303771973	-8.561665534973145	-1.2258312702178955
1607707779876	-2.5282769203186035	-8.676587104797363	-1.8387469053268433
1607707779886	-1.7621324062347412	-9.097966194152832	-1.8387469053268433
1607707779896	-0.727837324142456	-9.825803756713867	-0.9959878921508789
1607707779906	-0.1149216815829277	-10.055646896362305	0.1149216815829277
1607707779916	-0.15322890877723694	-9.864110946655273	0.727837324142456
1607707779926	-0.6129156351089478	-9.825803756713867	0.727837324142456
1607707779936	-1.1492167711257935	-10.017339706420898	0.4596867263317108
1607707779948	-1.6089035272598267	-10.20887565612793	0.038307227194309235
1607707779956	-2.145204782485962	-10.017339706420898	-0.3447650372982025
1607707779966	-2.5665841102600098	-9.672574996948242	-0.8810662031173706
1607707779976	-2.873042106628418	-9.136273384094238	-1.455674648284912
1607707779987	-3.141192674636841	-8.71489429473877	-1.9536685943603516
1607707779996	-3.2178070545196533	-8.485051155090332	-2.5282769203186035
1607707780006	-3.141192674636841	-8.485051155090332	-3.1028854846954346
1607707780018	-2.8347349166870117	-8.523358345031738	-3.5625722408294678
1607707780026	-2.183511972427368	-8.676587104797363	-3.6391866207122803
1607707780036	-1.6855180263519287	-9.02135181427002	-3.332728862762451
1607707780046	-1.6855180263519287	-9.02135181427002	-3.332728862762451
1607707780057	-1.6855180263519287	-9.366117477416992	-2.9496564865112305
1607707780066	-2.75812029838562	-9.59596061706543	-2.9879636764526367
1607707780076	-3.600879430770874	-9.90241813659668	-3.5625722408294678
1607707780086	-4.060565948486328	-10.017339706420898	-4.060565948486328
1607707780096	-4.213795185089111	-9.90241813659668	-3.7158010005950928
1607707780107	-3.7924153804779053	-10.055646896362305	-2.873042106628418
1607707780116	-3.294421434402466	-10.668562889099121	-1.5705963373184204
1607707780132	-2.4899697303771973	-11.473014831542969	-0.5363011956214905
1607707780152	-1.8770540952682495	-11.97100830078125	0.038307227194309235
1607707780152	-1.37906014919281	-12.200851440429688	0.2298433631658554
1607707780164	-1.1875240802764893	-12.239158630371094	0.19153612852096558
1607707780168	-1.1109095811843872	-12.277466773986816	0.1149216815829277
1607707780176	-1.2641384601593018	-12.200851440429688	0.07661445438861847
1607707780186	-1.5322890281677246	-12.162544250488281	0.038307227194309235
1607707780196	-1.6089035272598267	-11.97100830078125	0.2298433631658554
1607707780206	-1.4173674583435059	-11.779472351074219	0.3447650372982025
1607707780216	-1.072602391242981	-11.702857971191406	0.38307225704193115
1607707780226	-0.7661445140838623	-11.511322021484375	0.19153612852096558
1607707780236	-0.4213795065879822	-11.511322021484375	0.15322890877723694
1607707780247	-0.2298433631658554	-11.779472351074219	0.19153612852096558
1607707780256	-0.2298433631658554	-11.932701110839844	0.5363011956214905
1607707780266	-0.6512228846549988	-11.894393920898438	1.0342950820922852
1607707780275	-1.723825216293335	-11.434707641601562	2.3750481605529785
1607707780286	-2.7964274883270264	-11.013327598571777	3.7158010005950928
1607707780299	-3.6391866207122803	-10.668562889099121	4.367023944854736
1607707780306	-4.367023944854736	-10.20887565612793	3.7158010005950928
1607707780316	-4.8267107009887695	-9.749189376831055	1.9153614044189453
1607707780326	-5.324704647064209	-9.02135181427002	-0.2298433631658554
1607707780336	-5.5545477867126465	-8.59997272491455	-1.723825216293335
1607707780345	-5.171475887298584	-8.370129585266113	-2.5665841102600098
1607707780364	-4.9799394607543945	-8.063671112060547	-2.75812029838562
1607707780367	-4.252102375030518	-8.02536392211914	-2.75812029838562
1607707780376	-4.252102375030518	-8.02536392211914	-2.75812029838562
1607707780386	-3.1028854846954346	-8.293514251708984	-1.3024457693099976
1607707780396	-1.9536685943603516	-8.561665534973145	0.38307225704193115
1607707780406	-1.1875240802764893	-8.791508674621582	1.647210717201233
1607707780416	-0.6129156351089478	-8.944737434387207	2.4133553504943848
1607707780426	-0.3447650372982025	-9.097966194152832	2.604891538619995
1607707780436	-0.26815059781074524	-8.983044624328613	2.2601263523101807
1607707780447	-0.26815059781074524	-8.753201484680176	1.8387469053268433
1607707780457	-0.4213795065879822	-8.561665534973145	1.6089035272598267
1607707780466	-0.9193734526634216	-8.293514251708984	1.455674648284912
1607707780476	-1.3407529592514038	-8.02536392211914	1.1492167711257935
1607707780486	-1.723825216293335	-7.718906402587891	1.2641384601593018
1607707780496	-2.1068975925445557	-7.297526836395264	1.3407529592514038
1607707780506	-2.4899697303771973	-7.220912456512451	1.6089035272598267
1607707780516	-2.604891538619995	-7.259219646453857	1.800439715385437
1607707780526	-2.604891538619995	-7.374141216278076	1.723825216293335
1607707780536	-2.451662540435791	-7.412448406219482	1.5705963373184204
1607707780556	-1.7621324062347412	-7.680599212646484	1.3407529592514038
1607707780576	-1.2641384601593018	-7.910442352294922	1.1109095811843872
1607707780596	-1.3407529592514038	-7.910442352294922	1.2258312702178955
1607707780615	-1.9919757843017578	-7.33583402633667	1.6089035272598267
1607707780636	-3.141192674636841	-6.531382083892822	2.030282974243164
1607707780658	-4.32871675491333	-6.033388137817383	2.75812029838562
1607707780679	-4.6734819412231445	-5.497087001800537	3.1028854846954346
1607707780696	-3.9839515686035156	-5.228936672210693	2.6431987285614014
1607707780716	-3.6391866207122803	-4.999093055725098	2.2218191623687744
1607707780736	-3.2561142444610596	-4.577713489532471	1.5705963373184204
1607707780756	-2.9879636764526367	-4.156333923339844	1.455674648284912
1607707780775	-3.5625722408294678	-3.734954595565796	1.8770540952682495
1607707780800	-5.592854976654053	-4.3861775398254395	3.5625722408294678
1607707780816	-8.389283180236816	-6.914454460144043	5.5545477867126465
1607707780836	-6.89530086517334	-10.323798179626465	4.558559894561768
1607707780858	-4.596867084503174	-11.128249168395996	4.558559894561768
1607707780878	-3.754108190536499	-9.979032516479492	4.481945514678955
1607707780896	-3.1028854846954346	-9.327810287475586	3.026270866394043
1607707780916	-3.1028854846954346	-7.795520782470703	0.49799394607543945
1607707780936	-3.9456443786621094	-7.527369976043701	0.4213795065879822
1607707780956	-4.405331134796143	-9.442731857299805	1.2641384601593018
1607707780976	-4.405331134796143	-10.78348445892334	1.3024457693099976
1607707780995	-3.7158010005950928	-10.132261276245117	0.9193734526634216
1607707781016	-2.8347349166870117	-10.132261276245117	0.689530074596405
1607707781036	-2.5665841102600098	-10.20887565612793	0.5746083855628967
1607707781055	-2.298433542251587	-10.093954086303711	0.07661445438861847
1607707781075	-2.2218191623687744	-9.557653427124023	0.038307227194309235
1607707781095	-1.9919757843017578	-8.791508674621582	0.19153612852096558
1607707781115	-1.9919757843017578	-8.59997272491455	-0.1149216815829277
1607707781136	-1.7621324062347412	-8.59997272491455	-0.4596867263317108
1607707781157	-1.9919757843017578	-8.59997272491455	-0.727837324142456
1607707781175	-2.2601263523101807	-8.59997272491455	-0.1149216815829277
1607707781195	-2.6431987285614014	-8.753201484680176	0.1149216815829277
1607707781215	-3.4093432426452637	-8.71489429473877	-0.19153612852096558
1607707781235	-3.754108190536499	-8.791508674621582	-0.8044517636299133
1607707781256	-3.9456443786621094	-9.02135181427002	-0.8427590131759644
1607707781275	-3.6774938106536865	-9.327810287475586	-0.07661445438861847
1607707781295	-3.294421434402466	-8.944737434387207	1.1109095811843872
1607707781315	-3.2561142444610596	-8.561665534973145	0.3064578175544739
1607707781340	-2.5665841102600098	-8.446743965148926	-0.3447650372982025
1607707781360	-2.3367409706115723	-8.446743965148926	-1.2258312702178955
1607707781375	-2.5282769203186035	-8.216899871826172	-1.072602391242981
1607707781396	-2.7964274883270264	-8.293514251708984	-2.145204782485962
1607707781416	-2.451662540435791	-9.366117477416992	-1.9919757843017578
1607707781436	-2.2218191623687744	-9.940725326538086	-0.5363011956214905
1607707781456	-1.647210717201233	-9.90241813659668	-0.15322890877723694
1607707781475	-1.800439715385437	-9.059659004211426	-0.5363011956214905
1607707781495	-1.6855180263519287	-8.791508674621582	-0.4596867263317108
1607707781515	-1.8387469053268433	-9.327810287475586	-0.8044517636299133
1607707781535	-2.4899697303771973	-9.366117477416992	-1.1492167711257935
1607707781555	-2.5282769203186035	-9.21288776397705	-1.1492167711257935
1607707781576	-3.064578056335449	-8.676587104797363	-1.37906014919281
1607707781595	-3.7924153804779053	-8.40843677520752	-2.3367409706115723
1607707781619	-4.175487995147705	-8.676587104797363	-3.6774938106536865
1607707781635	-3.9456443786621094	-9.251194953918457	-3.2178070545196533
1607707781657	-3.064578056335449	-10.323798179626465	-2.5282769203186035
1607707781675	-2.4133553504943848	-11.894393920898438	-2.719813108444214
1607707781695	-2.0685901641845703	-12.54561710357666	-2.911349296569824
1607707781715	-1.4173674583435059	-13.464990615844727	-2.145204782485962
1607707781735	-1.1492167711257935	-13.694833755493164	0.26815059781074524
1607707781755	-1.4939818382263184	-13.005303382873535	1.5322890281677246
1607707781776	-1.455674648284912	-11.434707641601562	1.5322890281677246
1607707781797	-1.9153614044189453	-10.170568466186523	0.8810662031173706
1607707781815	-2.5282769203186035	-10.247182846069336	0.689530074596405
1607707781835	-2.9879636764526367	-11.128249168395996	2.0685901641845703
1607707781857	-3.4093432426452637	-10.668562889099121	2.3367409706115723
1607707781875	-3.485957622528076	-10.093954086303711	-0.15322890877723694
1607707781895	-4.32871675491333	-9.097966194152832	-3.5242648124694824
1607707781915	-3.5625722408294678	-8.33182144165039	-5.056553840637207
1607707781935	-2.4899697303771973	-7.872135162353516	-3.5625722408294678
1607707781955	-1.1109095811843872	-7.948749542236328	-0.8044517636299133
1607707781975	-0.038307227194309235	-8.216899871826172	1.0342950820922852
1607707782000	-0.038307227194309235	-7.680599212646484	1.0342950820922852
1607707782018	-0.9193734526634216	-7.450755596160889	0.6512228846549988
1607707782035	-2.9496564865112305	-7.297526836395264	-0.07661445438861847
1607707782056	-3.3710360527038574	-7.374141216278076	0.6129156351089478
1607707782078	-2.6815059185028076	-7.642292022705078	0.9576807022094727
1607707782096	-1.4939818382263184	-7.489062786102295	0.5363011956214905
1607707782115	-0.49799394607543945	-7.067683219909668	0.2298433631658554
1607707782135	-0.19153612852096558	-6.799532890319824	0.38307225704193115
1607707782157	-0.1149216815829277	-7.259219646453857	0.8427590131759644
1607707782175	-0.38307225704193115	-7.833827972412109	1.0342950820922852
1607707782195	-0.49799394607543945	-8.063671112060547	1.3024457693099976
1607707782215	-1.1109095811843872	-8.101978302001953	1.5705963373184204
1607707782235	-1.8387469053268433	-8.063671112060547	2.145204782485962
1607707782257	-2.911349296569824	-7.987056732177734	2.1068975925445557
1607707782277	-3.44765043258667	-8.40843677520752	1.4939818382263184
1607707782295	-4.060565948486328	-8.293514251708984	1.2258312702178955
1607707782315	-4.9799394607543945	-7.948749542236328	1.1492167711257935
1607707782335	-5.631162166595459	-8.101978302001953	1.6089035272598267
1607707782355	-5.822698593139648	-8.255207061767578	1.8387469053268433
1607707782375	-5.70777702331543	-8.370129585266113	2.145204782485962
1607707782395	-4.903325080871582	-8.02536392211914	2.298433542251587
1607707782415	-4.137180328369141	-7.910442352294922	2.3367409706115723
1607707782435	-3.8307228088378906	-7.297526836395264	1.4939818382263184
1607707782455	-3.2178070545196533	-6.339846134185791	0.4213795065879822
1607707782475	-2.2601263523101807	-5.726930618286133	-0.2298433631658554
1607707782495	-1.723825216293335	-7.105990409851074	-0.6129156351089478
1607707782515	-0.9193734526634216	-11.319786071777344	-1.5705963373184204
1607707782535	-3.5242648124694824	-16.22311019897461	-1.7621324062347412
1607707782555	-9.576807022094727	-15.80173110961914	0.38307225704193115
1607707782575	-3.141192674636841	-10.860098838806152	2.1068975925445557
1607707782595	4.903325080871582	-7.527369976043701	2.3367409706115723
1607707782615	4.558559894561768	-6.033388137817383	-0.38307225704193115
1607707782635	2.030282974243164	-6.876147270202637	-1.2641384601593018
1607707782657	-0.6129156351089478	-9.404424667358398	-1.6855180263519287
1607707782675	-1.455674648284912	-10.591948509216309	-2.2601263523101807
1607707782698	-2.2218191623687744	-11.702857971191406	-3.869029998779297
1607707782717	-2.1068975925445557	-11.08994197845459	-4.711789131164551
1607707782735	-2.145204782485962	-9.481039047241211	-4.252102375030518
1607707782755	-1.9153614044189453	-8.676587104797363	-2.9879636764526367
1607707782775	-1.6089035272598267	-8.523358345031738	-0.19153612852096558
1607707782795	-0.8044517636299133	-8.983044624328613	4.022258758544922
1607707782815	-0.8427590131759644	-9.251194953918457	2.2218191623687744
1607707782835	-1.4939818382263184	-9.672574996948242	-2.719813108444214
1607707782855	-1.8387469053268433	-9.710882186889648	-4.137180328369141
1607707782875	-1.9919757843017578	-9.519346237182617	-2.75812029838562
1607707782895	-2.030282974243164	-9.327810287475586	-0.727837324142456
1607707782915	-2.604891538619995	-9.21288776397705	-0.2298433631658554
1607707782935	-3.6391866207122803	-8.71489429473877	-1.9153614044189453
1607707782955	-3.026270866394043	-8.446743965148926	-3.7158010005950928
1607707782975	-0.26815059781074524	-8.791508674621582	-3.44765043258667
1607707782995	0.8044517636299133	-9.059659004211426	-1.4173674583435059
1607707783015	0.4596867263317108	-9.097966194152832	-0.5363011956214905
1607707783035	-0.9576807022094727	-9.289502143859863	-0.8427590131759644
1607707783055	-2.0685901641845703	-9.404424667358398	-1.072602391242981
1607707783075	-2.451662540435791	-9.251194953918457	-1.37906014919281
1607707783095	-1.9536685943603516	-9.21288776397705	-1.723825216293335
1607707783115	-0.9959878921508789	-9.557653427124023	-1.37906014919281
1607707783135	-0.15322890877723694	-9.634267807006836	-1.2258312702178955
1607707783156	-0.3447650372982025	-9.442731857299805	-1.7621324062347412
1607707783175	-1.5705963373184204	-9.557653427124023	-2.0685901641845703
1607707783195	-3.026270866394043	-9.672574996948242	-2.451662540435791
1607707783217	-3.907337188720703	-9.749189376831055	-2.451662540435791
1607707783235	-3.7924153804779053	-10.78348445892334	-1.9153614044189453
1607707783256	-3.600879430770874	-12.200851440429688	-1.9536685943603516
1607707783275	-3.026270866394043	-12.200851440429688	-2.298433542251587
1607707783297	-2.030282974243164	-11.779472351074219	-1.3407529592514038
1607707783316	-1.37906014919281	-12.239158630371094	0.4213795065879822
1607707783335	-1.2258312702178955	-12.239158630371094	1.1109095811843872
1607707783355	-0.9959878921508789	-11.08994197845459	1.7621324062347412
1607707783375	-0.7661445140838623	-10.438719749450684	0.9959878921508789
1607707783395	-0.3447650372982025	-11.013327598571777	0.19153612852096558
1607707783415	-0.26815059781074524	-11.66455078125	0.07661445438861847
1607707783436	-0.8810662031173706	-11.08994197845459	0.8044517636299133
1607707783455	-1.9153614044189453	-10.515334129333496	0.3064578175544739
1607707783475	-2.9496564865112305	-10.017339706420898	-1.3407529592514038
1607707783496	-3.141192674636841	-9.749189376831055	-2.030282974243164
1607707783515	-2.8347349166870117	-9.481039047241211	-1.5705963373184204
1607707783535	-2.5665841102600098	-9.289502143859863	-0.2298433631658554
1607707783555	-2.2218191623687744	-9.289502143859863	1.2641384601593018
1607707783575	-2.0685901641845703	-9.59596061706543	2.719813108444214
1607707783595	-1.7621324062347412	-9.864110946655273	2.183511972427368
1607707783615	-2.298433542251587	-9.59596061706543	1.1109095811843872
1607707783635	-2.911349296569824	-8.676587104797363	0.7661445140838623
1607707783657	-2.030282974243164	-7.757213592529297	0.8427590131759644
1607707783675	-1.8387469053268433	-7.565677165985107	0.9959878921508789
1607707783695	-1.455674648284912	-7.412448406219482	1.455674648284912
1607707783715	-1.6089035272598267	-7.144298076629639	1.5705963373184204
1607707783735	-2.5282769203186035	-6.607996463775635	1.5705963373184204
1607707783755	-2.9879636764526367	-6.339846134185791	1.800439715385437
1607707783775	-2.6431987285614014	-6.033388137817383	2.030282974243164
1607707783795	-2.2601263523101807	-5.65031623840332	2.183511972427368
1607707783815	-1.9153614044189453	-5.228936672210693	1.8387469053268433
1607707783835	-1.723825216293335	-4.616020679473877	1.5705963373184204
1607707783855	-1.4939818382263184	-4.194641590118408	1.3024457693099976
1607707783875	-1.4173674583435059	-4.1180267333984375	0.8427590131759644
1607707783895	-1.9536685943603516	-4.156333923339844	-0.07661445438861847
1607707783915	-5.631162166595459	-4.501099109649658	1.2258312702178955
1607707783935	-12.679692268371582	-8.063671112060547	7.048529624938965
1607707783955	-4.9799394607543945	-15.91665267944336	5.4013190269470215
1607707783975	-2.2218191623687744	-10.47702693939209	1.2258312702178955
1607707783995	-2.4899697303771973	-8.59997272491455	2.911349296569824
1607707784015	-3.907337188720703	-9.136273384094238	2.1068975925445557
1607707784035	-5.018246650695801	-9.481039047241211	0.2298433631658554
1607707851000	-4.788403511047363	-9.59596061706543	0.3447650372982025
1607707851017	-4.213795185089111	-9.02135181427002	0.7661445140838623
1607707851019	-3.5625722408294678	-8.791508674621582	0.5363011956214905
1607707851022	-3.026270866394043	-8.71489429473877	-0.038307227194309235
1607707851024	-1.9919757843017578	-9.059659004211426	0.15322890877723694
1607707851025	-0.9959878921508789	-9.749189376831055	-0.07661445438861847
1607707851028	-1.2641384601593018	-8.063671112060547	1.2641384601593018
1607707851029	-0.49799394607543945	-7.795520782470703	1.6089035272598267
1607707851034	0.0	-7.297526836395264	1.6855180263519287
1607707851035	0.49799394607543945	-6.952761650085449	1.8770540952682495
1607707851040	0.727837324142456	-6.761225700378418	2.4133553504943848
1607707851044	0.727837324142456	-6.301538944244385	2.5282769203186035
1607707851046	0.5363011956214905	-5.458779811859131	2.4899697303771973
1607707851048	-0.4213795065879822	-4.884171485900879	2.6431987285614014
1607707851050	-1.4939818382263184	-4.577713489532471	2.5665841102600098
1607707851051	-2.4899697303771973	-4.616020679473877	2.6431987285614014
1607707851052	-3.485957622528076	-4.845864295959473	2.2218191623687744
1607707851053	-4.213795185089111	-5.190629482269287	1.37906014919281
1607707851057	-4.213795185089111	-5.382165431976318	0.6512228846549988
1607707851059	-5.363011837005615	-5.228936672210693	1.7621324062347412
1607707851061	-6.435614109039307	-5.497087001800537	3.5625722408294678
1607707851067	-6.282385349273682	-8.14028549194336	7.240066051483154
1607707851072	-3.6391866207122803	-10.706870079040527	6.3973069190979
1607707851076	-5.094861030578613	-12.507309913635254	2.873042106628418
1607707851079	-3.869029998779297	-11.932701110839844	3.141192674636841
1607707851081	-1.723825216293335	-10.553641319274902	1.723825216293335
1607707851086	-2.1068975925445557	-8.446743965148926	0.07661445438861847
1607707851091	-3.4093432426452637	-8.829815864562988	0.5746083855628967
1607707851094	-2.6815059185028076	-10.438719749450684	1.4173674583435059
1607707851097	-1.072602391242981	-10.20887565612793	1.37906014919281
1607707851098	-0.5363011956214905	-9.825803756713867	0.9576807022094727
1607707851100	-0.07661445438861847	-9.864110946655273	0.5746083855628967
1607707851103	0.3447650372982025	-9.90241813659668	-0.038307227194309235
1607707851105	0.2298433631658554	-9.519346237182617	0.15322890877723694
1607707851108	-0.07661445438861847	-8.944737434387207	0.6129156351089478
1607707851114	-0.9959878921508789	-8.59997272491455	0.49799394607543945
1607707851119	-1.4939818382263184	-8.485051155090332	0.07661445438861847
1607707851128	-2.3750481605529785	-8.638279914855957	-0.727837324142456
1607707851131	-2.4899697303771973	-9.097966194152832	-1.0342950820922852
1607707851134	-2.298433542251587	-9.21288776397705	-1.072602391242981
1607707851141	-2.2601263523101807	-9.327810287475586	-0.689530074596405
1607707851143	-1.7621324062347412	-9.519346237182617	0.3447650372982025
1607707851147	-1.647210717201233	-9.404424667358398	0.8810662031173706
1607707851151	-1.723825216293335	-9.174580574035645	0.5746083855628967
1607707851161	-1.5322890281677246	-9.02135181427002	-0.4213795065879822
1607707851164	-1.0342950820922852	-8.983044624328613	-1.37906014919281
1607707851169	-0.7661445140838623	-8.9064302444458	-1.9536685943603516
1607707851173	-0.5363011956214905	-8.868123054504395	-2.145204782485962
1607707851174	-0.6129156351089478	-8.868123054504395	-1.9919757843017578
1607707851185	-0.5363011956214905	-9.289502143859863	-1.5705963373184204
1607707851197	-0.4596867263317108	-9.481039047241211	-1.1492167711257935
1607707851200	-0.5363011956214905	-9.59596061706543	-0.7661445140838623
1607707851202	-0.38307225704193115	-9.634267807006836	-0.4213795065879822
1607707851204	-0.26815059781074524	-9.634267807006836	-0.3064578175544739
1607707851207	0.1149216815829277	-9.672574996948242	-0.15322890877723694
1607707851209	0.19153612852096558	-9.557653427124023	0.07661445438861847
1607707851210	-0.49799394607543945	-9.481039047241211	-0.2298433631658554
1607707851211	-1.37906014919281	-9.097966194152832	-1.072602391242981
1607707851213	-2.451662540435791	-8.255207061767578	-1.8770540952682495
1607707851215	-3.141192674636841	-8.101978302001953	-1.9919757843017578
1607707851217	-3.179499864578247	-8.753201484680176	-1.4173674583435059
1607707851220	-2.911349296569824	-9.864110946655273	-0.8427590131759644
1607707851224	-2.75812029838562	-11.243170738220215	-0.9576807022094727
1607707851228	-2.8347349166870117	-12.507309913635254	-0.6512228846549988
